16302
13679
16976
14192
4659
27445
7490
9488
29748
20937
7163
2247
17323
9426
19156
16281
9051
3735
13133
21530
15957
28015
23469
3971
25793
3448
27113
8452
26075
10892
28103
20316
19260
20081
5699
26792
22875
24400
22066
25720
31059
29289
15397
27688
28647
14084
400
15726
1475
3499
5420
6959
1284
8086
9369
16535
12283
2663
26952
2664
5422
29720
15512
19090
25760
6961
14143
31237
10835
14142
24556
15555
4618
15744
11563
27705
6227
24035
24200
7119
19653
19504
28919
19390
2439
10628
12915
15905
17426
8705
14566
8784
23351
4803
16457
2665
1635
19477
13324
24367
18978
17381
26552
17944
5602
19574
17107
11681
28410
9045
25604
29669
19690
27790
32631
23406
2788
28191
31875
16971
4748
8109
5770
20322
9213
25206
1313
2568
24332
30087
28529
4047
29136
31279
11997
23711
4194
7347
9446
22793
6625
13635
10315
8919
3769
29997
19828
17384
15397
29777
3600
19259
16627
13013
5118
31817
20360
25370
11113
2200
20771
4078
8248
1933
20070
29443
2725
8322
16658
3999
20267
6936
13074
26006
21926
18894
20155
20598
15286
723
17490
26369
1636
6937
10446
28384
5896
6059
12768
14485
26474
2368
29489
30642
20775
17936
235
27464
25686
30182
7034
27299
4460
9335
18580
10804
10845
19954
32118
19663
32516
6616
15985
5399
6341
14350
22438
19254
22897
5169
4878
10961
361
21289
4029
27962
24839
20225
7783
17384
14649
1269
18211
22309
3951
10701
23663
7431
30904
22634
16244
7329
8231
3743
14732
29050
3196
27714
3842
9023
26880
26754
12057
9652
21937
29050
9551
5360
671
10759
12258
458
6806
14807
8084
25231
16637
25539
25771
31734
9982
22111
27965
22101
31720
27343
14506
4884
15569
17884
17514
13922
10111
3911
13833
14632
21641
13148
26223
30523
15545
25291
12901
19926
11701
17588
13397
32327
29150
3841
19281
10472
12153
30968
4951
29777
17165
15376
13012
13516
6411
5892
8550
10250
19124
1831
19430
6420
568
11255
14758
131
27163
2292
5879
29940
11229
6579
18671
32695
16858
27694
28265
10695
8303
13662
29260
21759
31326
5132
4881
13706
9332
30180
895
32668
23657
21195
2233
7519
30471
12914
14715
305
14734
12331
17057
26636
25176
28924
21737
8261
9401
16370
8185
10362
7209
17592
32420
15046
31397
2152
14441
6198
30290
15521
31804
10369
14948
30938
30858
16883
24382
25078
13431
11691
11738
28696
3690
15366
12908
18104
971
32091
25154
21239
9739
29417
22767
9263
24805
19469
28840
13007
30180
953
14830
2406
20774
29217
5742
1021
7007
9911
31525
6570
11552
7770
7623
25698
18266
10698
4450
23311
13598
6240
5694
29154
15014
31484
8457
5355
30105
4926
23856
12519
4747
17145
11920
15961
31683
4068
30286
732
25922
3987
7939
31927
23041
20390
13341
11442
11897
3649
2178
12840
31848
22204
12406
27998
3027
22171
21182
7187
19783
32448
5381
9304
18789
17631
10112
418
10654
6451
13262
2078
15930
25711
13090
29252
9631
8696
28579
27823
30928
27217
13587
5164
8500
470
29871
6673
15257
16302
24663
720
11384
24827
16623
13003
18810
7251
3077
15722
15420
2420
31924
10859
591
12595
13256
9594
11908
22966
8994
19458
20326
25315
18527
3394
7943
18200
31412
20643
24576
5149
20508
22089
2995
28759
23990
1512
13779
62
22376
8153
18727
16401
21193
1133
394
9672
12606
1409
18231
8010
30051
30290
20291
16608
1964
28051
9579
14313
11852
28093
784
21968
15445
26535
6016
18236
15393
19286
9591
19334
6386
6934
6630
112
3029
13513
32754
5652
20428
17792
30272
32538
24875
6984
2416
28974
19523
18759
6119
18865
20286
20999
8914
10927
21322
19473
12391
25618
250
13502
9070
32021
29672
25930
11265
29179
20896
24106
13712
31232
18361
23711
30248
27024
13637
28300
756
1207
876
30853
3588
21977
29011
25128
12621
23715
22339
23728
27377
10561
9479
30663
11969
14289
8085
30876
12544
8216
8689
10038
20074
28020
25935
1544
13685
13074
5240
10181
13527
12385
11886
6005
21320
6599
31827
1737
5257
22930
7815
13995
4005
23857
29969
19994
14967
17060
26432
4917
3692
31281
20113
14997
27275
12377
2260
16608
22194
5130
30091
667
3106
19734
25235
1600
26429
14052
11270
11409
9871
13158
4959
15147
6924
10826
4575
30046
11672
2165
10800
14140
24013
21421
32073
18160
7672
9877
9873
20562
12388
10463
9031
16056
27100
22461
18721
26894
32107
12952
4147
17449
13670
8197
13331
3928
15788
7925
28731
12092
25389
6187
23470
10970
27817
25588
10207
32495
28858
22546
18126
15235
19733
29177
15476
8129
8973
28990
8033
10246
32089
30284
3236
16952
790
31065
4843
7257
23568
11672
22763
16732
10813
9392
770
30775
15498
18030
7195
6457
24282
28854
1491
19870
27468
21440
13274
28001
189
24193
13979
28497
655
20326
22815
8039
17832
15688
22062
3927
3773
11421
26808
30053
17872
1259
15220
28026
759
31363
31687
20599
22624
16491
5095
5577
32146
5788
20544
29502
16373
2157
29719
12054
23701
28496
365
22622
10019
3516
14374
22905
8765
22122
4202
6400
27886
13252
13388
7372
10617
25499
15529
25424
16722
15128
13651
26412
10862
26357
11375
256
4540
31724
20764
7038
3828
27504
25942
28100
17807
12444
1817
12264
5910
18793
5321
32212
19104
20515
12497
23636
19863
18718
10379
5229
29114
30885
16992
22769
19560
21811
14128
27216
6939
27110
23283
11441
20787
15664
14497
25665
13045
4048
9552
3019
8659
2048
3740
31114
32237
7408
2124
17979
16601
22132
23859
10869
13727
13561
10067
17981
29192
21950
13129
1750
29977
10049
13029
7894
3802
16887
792
17535
30044
14655
2323
10827
11001
30873
27309
26057
6622
275
9733
14504
2247
6917
19561
28689
19722
20478
25719
20027
24023
16638
14210
12857
11454
11494
3640
29206
26481
15148
8321
6947
1740
24275
15530
3216
20242
26011
27074
8250
9594
1909
2372
21956
24298
2617
15351
13289
27650
19867
3603
21520
1628
21340
11941
19489
17170
6077
13876
27288
11905
20025
16549
30936
21837
22131
24156
30657
24230
32110
8356
2692
7113
24316
17745
950
12489
31609
17828
18596
14991
21944
19566
32487
5663
11582
22392
14392
11550
10414
2083
4229
27537
1157
26444
29252
17128
6663
8306
29959
24123
21114
30747
2640
27603
23185
371
27815
8172
10795
22327
1259
21689
13374
23505
14822
27561
21261
17605
24099
21481
17570
30027
12292
23082
19320
27709
8207
9636
18296
18740
20873
1627
23334
11503
2374
30881
28957
30964
32447
476
13753
12921
17253
19081
22803
3204
13365
6529
11570
23890
10637
5243
29823
758
22846
27091
29818
31554
7906
18314
8364
13034
7792
17293
29148
20455
29965
6458
15750
31514
27685
24608
8585
27954
25275
8198
22560
17103
24829
26159
2067
23527
2588
16349
25903
19050
24666
15892
13555
5153
3941
26272
2956
19420
12515
13914
21764
17868
16206
6310
32438
27438
11010
30784
21765
28969
17812
19769
26957
30458
30566
19516
5146
20302
29560
6934
26520
30959
23937
11893
9803
2723
5695
13552
4608
5714
8715
13128
9988
18278
23984
13806
6035
16503
30077
15301
7059
31784
21145
15912
26755
13644
29335
31279
26030
6734
23882
24366
28836
20431
11483
18047
17898
1680
23576
22658
25073
10387
20239
17121
28229
24957
18908
9241
3847
1599
18879
20534
9373
8181
29810
21213
21928
7694
4537
21136
30006
29614
17210
14638
6458
9296
28303
17849
30009
944
3482
27484
19781
11496
22808
8621
5423
29913
377
2607
4089
23500
27120
3867
906
16985
6598
24416
21669
25993
22515
27624
7964
26167
9455
18973
7745
24508
1734
8108
31134
20939
23403
31624
18918
24985
9550
16435
27179
13889
1584
825
26960
29800
23606
1533
12226
7452
13629
11191
11619
21506
3182
4286
9159
20657
1554
9987
24739
32601
7591
31710
31874
5288
31283
2830
29114
6382
23768
17147
8095
11903
23977
7741
3574
5977
27324
30306
1197
15878
15744
29676
19401
17860
14929
16282
10143
26084
28234
22761
25927
5232
8027
13785
2894
17424
8859
4084
683
14638
27871
653
19444
14937
4491
24134
5330
8167
9128
21973
16819
1759
11575
26631
16318
11030
12485
11012
13068
11415
26944
23766
21781
17480
15369
23845
5992
11211
4426
29764
24224
15523
1674
2930
27027
2712
12159
14937
14540
32092
22819
19931
2620
11630
778
11278
15660
2111
754
14725
12918
32660
1692
9170
31989
18475
26586
13640
30266
27553
1770
5638
2944
12691
7938
7729
22242
9220
18732
7552
22732
13054
8532
15358
26032
15228
16799
22539
7162
30088
2047
1444
30277
3489
23045
4837
19919
27999
23286
13772
24874
30554
18464
18240
13109
14919
28526
12114
22091
24420
29755
26306
30650
22551
22116
12741
16247
3793
28577
30725
22544
7993
23317
24042
13025
22919
31523
792
23691
5421
4484
2617
30114
5821
7574
19964
9126
3335
29943
26461
3637
27009
19027
26920
15486
6125
5754
29880
26361
22837
6070
3077
4438
17818
23387
17630
179
14861
1439
16754
25105
13533
19372
4629
13577
26003
21492
25665
20155
29723
28869
8923
2312
17188
26909
27576
29185
12744
17343
32352
3998
8304
18566
2066
2996
15602
11258
28936
23585
23037
6433
3835
15177
21943
3480
24810
1223
21412
15329
14360
19036
19914
26623
29268
13611
16659
29248
10620
1833
30962
1115
31812
20687
15945
5306
21556
12050
28043
13337
19696
9620
14366
22864
8380
26908
5379
8045
15935
11844
9400
10758
27527
20593
3165
9166
6734
25864
3095
2917
20860
3807
21682
17013
20461
9714
24714
4858
19571
1880
21419
7905
30495
8565
10039
28117
8124
4208
9224
3414
9629
24295
28823
30475
5273
16098
13852
12633
4947
20230
8439
24116
1727
16396
16463
11317
3809
28273
2297
24045
16600
17518
32667
23418
16924
30762
19985
599
10500
31279
18447
10105
18059
10266
8968
32663
15699
6039
25935
25033
2538
3469
20605
6228
24653
30102
19218
13252
682
28082
3423
5180
30058
14908
5539
7435
13423
13853
10100
18047
19866
4927
23136
510
1169
32581
31701
9298
25535
121
18494
19013
24220
7941
16239
27502
26926
11879
6211
3914
10448
19231
6019
22671
8754
24746
19978
23228
2209
19380
551
28149
4744
27786
18499
29966
30519
15822
3780
18918
31204
17262
8497
17398
9711
26070
26262
3369
8299
3429
24362
14574
13017
4638
9519
20876
29494
21409
29978
20407
11577
3417
244
12384
28886
15094
4864
7377
27142
8478
17310
22776
26058
20063
18031
27651
10349
10345
4794
14126
30986
22906
27406
28377
1615
12825
2089
10718
2176
21255
27417
31521
17599
13171
6817
18793
21898
22381
20446
22894
23685
19101
22058
15923
378
13109
8769
9109
25246
4388
25763
10020
23062
32141
6969
13107
15545
32375
26170
4139
30232
17094
9296
8229
9659
23146
6647
30903
8622
16086
10278
20237
573
16307
22066
27196
6907
10198
13039
4052
1289
11888
20760
7860
7828
2181
25329
19491
9120
11936
14634
14108
17412
10948
10503
17896
23222
677
7614
499
10825
4632
22817
26072
17076
27081
10108
20926
29781
1580
2753
6631
29750
29366
8418
25478
5518
11596
18815
17361
15499
24060
20161
21848
28238
14059
5510
14229
8760
4238
6334
11460
14436
5661
13332
18933
14708
5701
466
27999
17297
19486
20478
28407
18605
13404
28873
16193
523
17097
27179
26726
15618
3059
18631
9608
25854
14113
6676
1106
28359
19596
20926
17619
2310
13260
7754
27532
13829
30353
28922
14791
12982
7059
15600
43
20215
11724
12693
32654
6932
17380
29756
19466
3725
7149
7427
26195
3098
8016
31482
32583
26349
25351
25480
6599
19767
30733
4362
32454
15341
8211
21692
14239
24524
14965
8157
684
1947
32108
10254
30228
2992
20357
11004
17636
20149
21842
5438
23138
15276
1887
4225
16286
25905
25703
15586
32585
10751
5064
6555
31690
694
3125
24802
27535
23772
4779
23310
28577
10017
9638
27900
30844
29415
10388
26033
27933
20225
25482
20288
18524
16315
11062
18158
8316
30747
17685
8341
19713
14439
23525
22854
7873
30183
6238
7474
24126
12268
12829
25803
1075
5650
3297
27942
24685
25537
13817
4004
8924
5370
22013
15569
31466
22608
27325
7820
16651
25140
23927
9577
24214
1398
18765
1363
26579
13577
1525
25974
7253
21255
19123
18268
16778
28916
32132
26965
2960
25927
668
10269
2122
23078
8211
9145
16564
14706
18908
11170
1139
6659
27126
13861
5041
4661
30950
26378
6951
5027
31332
26996
13947
13362
12885
8456
27853
2130
9721
30289
23437
29312
15718
16995
911
3087
6453
7615
27745
2857
28795
5751
4572
18961
2811
4499
20473
21418
11161
23474
16614
6461
32530
11509
16729
13687
25323
9240
3877
24753
6311
31970
13835
31349
14653
1472
16082
19517
31945
6317
21657
27005
10882
6996
21613
20708
17644
19065
31511
13023
17999
21653
9527
352
359
1984
21911
11485
31325
5844
30137
12955
19446
14800
1202
24620
27915
11642
10299
28727
27193
22089
21510
25719
26585
2689
31566
16646
50
18336
178
3292
20974
22265
22595
15250
21195
9631
4060
25708
14995
21380
12722
27287
6734
15842
13611
31407
29622
2266
29172
389
25835
27740
18766
30
15464
18502
31144
24831
2358
17360
20595
12967
31583
31783
11826
27486
10406
1624
4304
6701
2421
18544
6199
10542
16919
28129
14622
5382
3111
31528
4642
15791
21577
17581
5913
13435
24600
19691
1699
11093
4191
19920
24065
26954
5003
29031
16171
26697
7264
32180
32028
39
28908
30688
17009
17126
26041
662
1586
28215
6471
31660
17136
5693
953
7430
9232
28052
11983
9399
7526
20114
10772
18538
8454
27085
3929
30721
26454
15837
11105
13179
32104
15459
7902
30747
3463
16458
2972
2246
5648
14668
8701
5550
644
12472
8869
1837
23258
2931
10358
28659
32026
11581
20159
27236
5415
24886
1968
25916
18140
11169
14098
9077
15963
26855
25909
29546
6818
24031
7721
24892
26208
7500
20784
26741
4870
26280
17524
26859
10784
25120
28918
25320
10470
24031
23239
16007
14862
28815
14714
8801
16869
9501
1241
7529
28830
5053
14807
10261
20202
3119
27590
16575
30921
13632
30154
10058
31391
17811
24718
31752
1162
14753
20533
17883
26611
11007
3732
9115
4963
11488
1438
11448
152
20954
15903
17697
18649
16109
13998
26724
21382
28609
9948
12310
21235
4143
690
6517
886
3843
21083
20044
24767
19968
12829
29975
17768
4901
3726
19560
10445
7983
28932
5513
28446
3423
28749
4707
32691
24701
6560
6814
5535
24861
26068
3082
32391
12577
3792
6718
15285
14463
22851
16767
14696
20293
9877
24803
4206
18650
25373
16309
1525
17542
9364
540
15775
26420
3273
20728
20948
25207
17559
14605
18012
27852
8980
1379
2349
3871
21772
6380
30081
27536
6318
2920
3372
24950
24964
3462
23597
12964
30889
22604
14979
3564
27958
11192
24642
8930
26877
8360
32741
8930
15738
20983
23270
21333
15622
8425
1164
5423
13390
6345
18181
1468
6148
13776
24244
7325
15060
4937
32716
27406
8090
17651
23070
24682
15314
24487
3887
14320
15951
30010
20110
29639
11825
1957
3172
2368
30225
14179
1613
8796
12158
12571
2662
6286
17069
7807
13480
3265
11884
7796
5748
16541
3160
2163
31854
5382
9552
32559
18063
20966
10793
5752
1654
6957
25763
4191
22527
14102
29852
30107
10263
2475
28036
3371
24015
27019
26641
30525
6575
12779
23604
28495
32588
13787
22347
31124
15644
30922
25240
32665
18058
20557
11762
8232
29766
21276
21178
13933
32479
14685
17169
23639
1939
4646
14664
27713
9062
29245
15256
17874
7281
34
2068
23073
23933
335
31963
17181
15312
19646
20626
27181
4935
18092
12050
531
26789
18845
3677
22550
1579
8352
20439
16480
18025
30420
435
8613
339
24619
21675
25605
20375
24430
6644
18228
6190
3457
23921
25560
7217
17897
28711
23602
29935
31883
30449
1
14396
8374
20852
26531
14092
12644
27990
19070
2624
26301
22955
5278
25023
5341
11952
32671
18889
11223
7612
13006
23176
30970
15731
11915
1512
3411
26173
1778
30633
28018
13047
12730
15283
28273
31208
27484
7849
25651
20982
30584
31936
1258
30745
16501
29394
9692
10513
6761
9646
13670
17236
11576
5043
5697
17739
18943
9373
16388
31677
12211
27550
18666
29836
773
20401
15574
2463
32137
3627
26004
6175
6168
19346
26722
14310
13427
9907
23727
1844
2600
495
16418
24228
23226
30422
27614
351
12540
10231
28421
7568
12222
25845
29306
12568
13227
21726
2540
9858
19570
6841
5648
15929
20772
10334
7213
6136
5085
13195
14046
28803
30887
307
1044
26517
29595
31513
13402
25113
12874
17310
8029
23708
29787
15319
427
16899
22389
12259
18363
6777
6751
7548
2606
9900
7013
18635
8020
15161
5630
4993
26098
28772
25517
18979
11586
31245
17445
23461
24124
15328
28848
12091
18964
28107
32465
3180
16900
25781
22056
18792
23627
21357
15767
13211
2678
6112
17315
26242
25822
26768
1565
1214
20338
30273
7425
1895
23478
22005
11422
6050
3084
18203
25335
9846
23603
10756
25706
14043
13069
14998
27535
3604
8613
25412
8291
15935
4976
15422
27302
16171
21459
2788
17281
2409
3302
21889
19052
26534
9080
24374
8527
29240
5203
8244
21479
26870
14016
3630
20076
24397
2126
18703
10097
28304
26064
32744
16651
25232
21925
8748
1333
5229
18236
12575
16755
26539
27606
17804
26038
7560
3214
7606
10880
29325
407
18322
25160
14948
11974
15155
31264
28137
10576
31110
28053
24451
27348
831
12759
2485
13724
15379
23578
11248
3616
3624
1851
10668
28107
25034
15527
24503
4866
15711
25721
25548
4707
8605
226
25191
3402
30202
14542
3800
12698
6500
30148
22934
26298
27443
6414
24791
19421
24668
3099
20317
27527
30951
12321
7571
18509
10659
28934
26840
9948
3608
32641
21787
14652
30397
30333
11432
3926
10091
28606
12865
28852
23058
19398
22897
905
22955
12538
22813
25841
18797
1537
19548
5753
27716
27501
21897
25826
127
30877
30614
11298
968
16353
6562
7340
29530
24032
26830
26097
23662
6199
3149
27175
20726
20323
24507
24393
5262
18401
10160
351
5552
3731
29844
14847
1831
31846
10165
24852
11718
7474
20118
31454
13913
32226
18571
5946
10204
9684
27266
13860
17899
16259
5412
21882
30586
13411
28957
3074
1478
16396
17847
21935
18315
16027
7598
29984
3192
14933
11840
3690
23776
31886
13443
24343
25010
9674
15611
14191
2219
4385
2412
6390
14538
1768
2285
7733
11013
653
5694
4029
15162
4035
28763
19050
17768
735
8529
23269
25375
4226
18257
29292
7477
2169
29699
6358
26043
14305
5660
16337
28207
13967
8499
7023
11763
9135
26577
25569
11518
5546
23495
25730
26322
16718
10436
31767
22958
7209
23846
29268
5636
32309
5393
18083
25133
1723
23486
23586
18012
18545
14102
9962
5329
229
4480
16023
16975
24351
30199
31237
8911
7554
21087
30807
24182
29428
13337
15166
12997
7999
13013
13944
21520
5814
32167
30870
817
4379
15966
20739
11133
32704
18193
5954
7415
12013
15866
30583
14020
5762
15239
26665
5599
7645
3759
11590
7182
22270
7043
3175
25365
29929
2053
5718
28713
332
11068
10702
15271
5474
29320
4993
24838
6679
12596
28511
2827
21357
3658
12054
28731
15134
1195
27093
29590
28291
10590
22870
15746
13236
11305
10267
24838
23025
18014
29944
24888
31041
3064
12241
11001
21848
21222
13221
22239
26558
9383
16843
18291
21806
28183
17020
30621
21053
24969
28306
3420
15164
16149
18063
1210
25438
30516
31457
1792
24350
23434
10597
16934
19931
20994
5161
21645
26309
15904
13686
8433
19709
5267
21774
7833
28408
19722
690
31184
29989
9801
6631
6297
975
28796
13050
22431
21572
20939
9538
4971
26935
14638
32421
20953
25187
29571
5213
8141
13169
5854
4348
30498
16924
14368
9134
16611
12179
7883
13503
18366
20766
27412
17245
11957
7173
25146
20638
16407
2222
21783
31685
10415
12549
21749
13249
29499
11808
10914
8694
22560
31012
17351
12864
13659
21346
2677
23605
17083
31174
23297
4523
22093
10098
3090
30331
19736
11174
15608
17796
27659
5859
24127
1778
19764
17232
10372
31680
11571
15452
30088
25211
11501
18853
12163
31049
23429
8473
19131
24875
7304
1114
32084
18047
15975
19815
10602
29385
21803
11898
11613
11186
11620
10540
3692
849
27490
223
12678
32170
10920
11357
5724
12148
12702
2749
18619
14880
3462
24455
31769
18710
10929
23064
1390
29762
15603
11335
10053
11215
3156
29768
25618
4402
31240
32209
19142
24939
20898
7804
29089
21639
14980
12653
4935
5738
23962
30260
535
15563
4936
22260
26040
24192
11680
22981
30452
12284
13017
16728
11722
18710
7164
8410
5566
30732
27617
26394
15476
17863
12890
9453
28285
3936
20398
4818
13937
22756
3145
6610
21054
15700
22705
25514
4799
8176
18876
13868
22929
693
9473
7651
10530
9765
4492
11254
31498
22086
16598
19278
20639
2285
9204
28923
12739
12604
270
11220
3585
27754
32019
22366
13273
27586
28075
30192
21079
16367
1901
30228
14571
26998
15443
26415
18804
21124
24170
24933
20638
5610
23246
9399
14446
14182
8406
13166
18715
12580
2444
27581
27680
31364
21344
25762
9615
27678
1565
4621
14248
9476
21275
29764
9386
21830
17847
22150
745
4540
22528
24814
22305
5375
16307
411
26890
4537
1898
28942
17964
31263
18448
21971
26357
24763
5784
19300
10761
22127
31214
20554
6617
27063
32046
24453
12407
11054
12821
14638
3497
23380
14261
7771
21308
9614
6508
1091
7066
3182
6678
675
16031
27445
16258
352
22697
12438
12835
26989
18414
14013
17672
23791
5139
23696
14862
15007
29690
17461
5717
28784
26075
23252
6896
24947
3478
3486
13793
25335
19783
20494
32580
5364
19483
22382
5834
6570
24419
12190
30057
28805
2535
3345
1874
30788
1405
24
8740
23642
2778
28003
11103
29076
19367
28612
795
17917
21208
1847
1786
26623
16185
14624
16731
10442
3145
1491
6352
24058
23884
22361
5075
26227
32412
19826
1204
30352
4416
2774
12758
28542
5311
26560
19995
17890
17206
11693
21917
15298
29609
16481
8863
29090
30359
22572
20163
4845
8401
12651
13437
8599
30860
21841
9415
9473
14516
24552
9494
16413
7811
26450
18829
29394
13651
26709
32625
2722
5296
23575
23518
1674
17586
23333
17080
29225
15497
29114
31203
31781
12122
2367
31927
19403
6986
2830
9134
23029
20184
8315
29792
20785
22639
13333
11698
14623
5179
6185
25674
28955
19517
30344
17222
15900
7834
28042
17709
28636
7737
32339
31013
24890
24972
12373
10343
22492
29614
3606
28657
1816
23471
24372
8826
14869
11820
17318
1707
26925
23842
5188
17804
16022
14851
11402
7485
20034
24074
409
11238
1283
27852
10878
26352
4851
25873
15799
4726
21779
29665
10227
19702
562
32226
24602
845
7953
21217
7309
24802
32196
16302
28079
4129
19547
29229
24996
24363
30402
25514
5465
7371
24550
15725
22212
16813
13849
27534
15469
14794
26296
21003
22061
25127
29963
22552
23349
3775
14444
15798
31059
11453
17836
28551
10609
21743
1970
19681
11615
25208
19301
5153
6866
25029
17101
26946
6060
27586
17268
10926
11133
16717
17427
2131
19018
15083
23914
4346
31886
24761
21104
10708
18559
16038
25516
9302
16530
18656
29155
26183
23361
25740
13299
22552
30732
26810
1023
3443
13758
11160
1996
23574
32241
28645
14443
21730
27092
18089
3353
21295
25644
14628
19811
5731
11417
20228
20110
6595
8219
17627
8245
7817
27348
1743
27700
7222
1808
17300
3525
2857
11650
11159
9193
15729
6864
12412
8970
14816
20051
22731
10718
19808
9752
31718
7566
18058
31786
31295
20760
3957
10515
17863
15346
6604
4000
20138
1008
20772
5605
10297
24167
1932
12161
31271
3219
4197
23843
4601
30518
32116
17741
10424
11650
12853
19032
12521
19257
16754
16825
16575
2579
18709
12418
27790
608
16443
12588
9603
24302
27529
26259
28819
2093
27587
8258
2481
2705
6810
5105
18244
15416
10694
20556
20952
26061
14421
19702
1043
29356
21059
15310
1771
27718
3658
32625
32279
17607
15867
27392
22723
13559
25614
12067
6792
12638
25847
6221
12443
15020
9658
578
10053
3416
3327
9431
21395
29830
6761
7673
17742
17454
2084
23793
5421
15995
10941
21222
25418
26737
823
3236
6611
4563
14171
6556
18434
5188
25679
25643
10575
3500
32618
24351
11492
6621
14663
11383
4433
20343
5912
8554
26753
1032
13885
19371
6124
7032
28182
23532
10511
26277
17429
6561
32281
21834
26135
17414
16104
32549
7924
1123
4659
18521
31060
21902
30473
9489
1221
1202
21114
16486
28939
12112
1428
2691
29623
25219
8081
29190
11260
16264
78
19626
30909
18813
32511
13091
29930
16489
26914
21578
3597
11645
28081
890
26912
1178
18588
1594
2466
32531
17014
25884
28394
5043
22638
17381
7098
12290
8322
1261
15383
5828
15855
15305
23896
1987
31212
13096
27774
5326
21655
2555
28355
18434
8752
11225
10358
32584
2181
10401
9733
8479
28845
12129
23388
3740
16633
12406
19821
30382
29480
27381
31248
28327
23258
26954
29198
29688
12360
12575
22904
15164
13105
10880
16958
28793
31256
572
5372
19618
16812
2958
31767
9312
20616
25852
1289
21521
17180
25728
27641
11538
21483
3814
17807
18489
29688
7797
31494
24998
18298
23761
19587
8636
23255
21536
19877
30570
9168
7020
4189
26543
8953
16968
29184
30301
14701
8119
16026
3101
1727
2121
7814
32179
25396
12167
571
6275
18991
14481
105
22612
18668
14854
23109
10837
17777
14628
6688
24925
12738
24625
63
16247
32597
29721
12775
14494
26309
19800
24247
21189
22474
22554
20539
18203
9577
24481
6077
18572
17000
10472
20062
5003
8709
8326
7014
11023
4328
8148
29913
26331
6741
3410
20043
14083
19878
23623
10740
16556
30713
12200
16391
14355
9766
9275
12352
7121
756
1532
29116
13661
25996
29888
29966
722
9261
15384
11407
28146
32546
25208
28405
29803
14321
13209
26664
9562
10454
18971
3153
6158
28783
23663
16691
16398
1465
20724
12734
16989
18491
23904
32737
12284
24705
13666
18593
18865
1228
3206
11880
12551
30216
28504
23967
10902
18686
14284
16254
21892
20427
8413
20259
31820
14225
15733
17634
25278
11884
22157
3037
13640
9640
29845
13780
32115
1073
6166
24894
16304
23882
26006
17816
9813
32642
18620
23037
24035
28644
21172
18935
1674
9583
22485
11413
24303
6342
4225
12733
3116
31784
16717
14788
8984
12193
11874
2876
22218
17794
24100
6925
28760
11024
28433
6856
29668
18809
1259
16695
5850
13068
4377
313
27507
12456
31307
8908
25982
17269
26461
29292
7263
28371
12670
31388
28248
24208
16785
31682
26887
15710
23763
5687
6960
20356
9406
23199
13245
9683
20014
13430
4611
31964
21443
25324
11079
7264
10118
29683
27009
19208
10191
30102
26463
10838
23398
20876
11661
3804
14568
1805
21812
10412
32108
14052
13249
4111
22119
13766
29671
2682
25293
6370
16359
7101
20345
28857
24847
14206
4815
9776
30848
9958
2976
11747
13621
30362
1869
1469
11073
237
29488
12486
12376
26708
15671
9531
24977
5658
10194
24804
13930
4436
5392
6050
17677
16920
3333
12360
7122
29930
878
939
21508
12919
8344
4605
16872
16262
4477
8790
26107
22827
9008
148
892
317
11644
19813
42
28427
4296
5282
29007
30795
19262
7647
31229
1619
26925
11072
24216
27532
21675
6798
29076
11555
18558
7305
15744
5377
27197
30336
4164
8190
20402
544
19367
7249
29571
24458
7956
3147
23825
3496
3741
8518
32673
23744
27456
25304
5306
28489
8297
22092
30157
15614
31417
14930
14620
19506
19462
10997
5588
5475
4259
16846
21372
17681
31201
1655
18579
20432
469
17219
11381
3229
27740
4652
16511
18798
22877
13837
5235
3597
19534
5138
27166
293
19706
24940
31800
9117
1409
22857
11403
22054
416
3843
23896
23824
29490
12439
31222
22114
8183
19802
29372
22057
23701
29927
12321
7440
14556
16988
16674
7473
16718
10182
18660
16683
31199
3545
28571
10613
30201
7141
23210
21490
12739
15365
28684
25029
4259
12186
26866
28518
9474
18423
30637
13045
9551
5982
1231
21711
12870
11820
18317
13920
21106
14416
15720
6968
18160
3841
17677
26720
7543
4785
24697
28142
9109
24892
25184
28375
7995
15462
2768
23301
28796
13444
22290
28585
146
27513
2257
12755
8738
996
10365
30528
18113
4248
1778
29042
11702
6221
597
28422
28673
405
4671
18243
3485
31505
24350
9199
24579
13284
26840
7526
5615
30824
177
23789
7270
1824
6766
14659
6392
12782
14522
377
22851
8070
30922
27140
23480
16675
317
20497
21922
20601
22598
18200
23139
27114
25868
9396
2049
5884
8273
32434
23778
23819
14418
20327
6868
9275
11247
13383
23377
2737
8460
31412
14592
30723
31287
28436
12926
1260
28555
8742
10847
2885
11988
6294
10352
29232
18164
6351
16447
2711
25221
2832
16606
4053
5567
8130
4579
8370
17308
12297
25011
17557
24123
3225
2305
20725
1666
11979
18321
17169
20232
32751
15938
25057
9778
10980
19019
15436
11164
11239
9669
22427
29882
4777
29034
8750
1215
10916
2972
32365
31677
32174
22697
31234
16654
25807
24653
1350
11508
6992
25720
16120
30076
2068
21842
10293
25256
12588
18044
21668
3532
3493
18841
27378
12345
10660
21006
2430
17689
20662
1541
25429
666
12897
8376
10592
28239
13567
18924
5084
4307
27340
1723
8203
3247
23869
10135
22057
7293
8851
22412
11170
15438
29105
12485
21890
586
10282
31314
7981
27286
30367
29481
6480
6779
10056
20074
13591
24260
13008
17639
8097
26983
5990
24547
29105
4712
9745
24858
1958
8187
14915
27650
5549
23017
4018
21585
19509
27700
10851
13759
8355
23806
1287
14605
3655
6567
31115
10822
25487
24374
6123
17477
28539
506
24391
21879
9041
22641
3384
8674
31890
19816
30564
9830
19244
23908
9040
8515
10225
833
4214
988
12104
22553
26776
12731
21539
27239
2643
12500
24369
4204
8695
12046
28244
14802
17558
255
2133
1168
16731
32247
6359
6413
7453
23873
26761
4488
27700
30885
26016
28855
32396
6193
20613
27566
4600
11066
8394
2819
32456
4765
13923
26416
4765
24650
11027
1080
3452
12292
22564
4238
29986
32098
25691
2866
12951
6938
28203
5405
11782
12158
9769
29151
23756
23111
28096
31623
30159
26514
20006
3523
16401
13352
23438
11336
12165
9986
22688
26740
17441
25613
11814
18994
24372
7210
2824
16415
762
7801
16506
23275
12397
3799
11892
22529
22367
26021
21602
16234
3270
7372
23070
6382
31575
11773
9499
31869
16982
17982
19939
462
13996
21154
2499
21318
14906
19031
23748
26651
7533
23014
10206
10681
16146
21431
26473
2149
24172
2516
13780
17184
21380
29934
26265
26318
8641
19621
19824
18583
6328
29956
1476
32654
30533
25931
20067
8592
17627
27634
19833
18287
21784
29674
20671
7248
10653
12070
24048
31826
9756
19034
10109
26225
19122
3587
14721
17833
26744
4263
29431
21854
1109
24158
7979
9467
23574
14737
17262
32474
16832
22786
29966
13924
16676
18188
19333
8569
17333
17965
17137
16658
9879
24257
8900
23844
30456
31248
15549
6088
18595
11915
6167
15258
23250
8531
23808
18782
32580
8443
5196
2282
30608
23951
3947
8512
15545
25045
3224
31738
25858
12754
27476
30699
7172
