16282
14724
8095
884
8307
3885
21583
27052
28983
25057
8050
1983
15562
8452
17075
10556
11983
24256
2149
11454
13000
665
31684
27419
3711
2632
30334
7902
31654
19654
10098
24568
1210
29607
30391
1970
10541
7849
27360
4326
3267
25997
29566
18543
13885
11301
15591
25054
8501
31919
28982
17518
10057
23649
2707
9275
1147
20037
6837
15278
31448
30791
11172
14652
22872
7821
7620
13648
27142
26886
9999
17541
2912
10054
22434
31257
30977
1681
18299
28319
1917
28213
20865
7923
22413
30237
32708
14195
17516
11172
3335
8044
4480
6311
8060
22739
6973
16606
8398
2102
3911
2412
22372
14577
28630
16052
9445
12709
26207
11375
3575
27878
10609
31739
28493
2612
31197
19702
992
19245
31513
15372
8316
28928
27366
19469
18559
3621
31793
25923
32734
8268
22839
24322
32360
1683
4333
18304
10319
10235
29599
24039
28644
24093
8919
29353
1186
30745
22656
8724
29550
27088
10571
7462
7197
31571
18002
29858
8247
3226
508
6755
12026
16762
7200
3313
21154
10705
6509
24914
8936
14852
10761
7971
201
10155
25464
8935
16264
32394
20928
31390
24310
452
9162
28826
15089
11595
30476
14478
21547
27547
1637
29416
5677
21416
16456
31328
16027
788
2077
12241
18873
26790
9956
14408
2094
4856
12060
24923
16904
22383
22499
8125
2817
25968
4958
23567
11264
6609
25691
504
17891
9870
14133
1399
4476
25278
16888
21112
24793
22213
12230
23206
17865
22730
7034
13697
411
19820
7562
1712
8745
24752
28978
7832
28694
19262
29903
2349
4691
30670
2441
32520
2792
7389
5684
27835
28913
7844
12664
1121
3046
19786
14128
3449
13344
21337
19729
26356
7321
26735
6796
28556
27124
7222
14325
18520
15037
19861
6372
9629
1265
8744
30172
8680
27841
4590
31018
18265
30867
23362
13072
17218
17994
29453
6435
30705
9671
17721
5362
24777
15535
22889
26088
31896
5999
12263
23156
12836
19326
27357
9318
25351
3810
6089
19613
8381
26870
11563
2527
14332
24682
4224
32520
1603
19083
14452
9319
19894
8133
16212
24677
31529
31078
31170
4967
4731
7332
26028
6902
13605
14050
1407
4126
30482
12079
31639
17683
30130
12560
31227
17947
25930
21631
23111
24999
2190
1843
29161
31683
18033
6946
30352
12465
21052
7749
1762
2769
6621
24475
11118
20421
28290
17776
25569
10449
7015
22751
5244
10888
24300
10902
26565
32677
31211
29913
30845
15159
18760
7882
22483
5633
7626
1255
17367
6944
17961
10964
8753
2030
32616
14939
4883
25383
16228
29617
12396
3914
3502
29434
19807
23618
24214
28432
18931
23622
9352
21888
20236
32766
2972
26582
1690
15847
4968
15899
9232
18680
31513
21147
20760
6790
13250
31468
21124
21349
19699
29227
31112
14416
3982
22665
13607
19850
15062
19462
22508
21958
6089
32381
26074
14405
22192
27873
32421
4670
27380
7110
14371
30594
22835
32035
31997
9824
11155
25430
17322
12998
86
9576
12702
27818
26287
22675
32446
1448
32212
17153
11544
14829
2645
27607
26833
83
30124
27762
9310
1485
27669
26352
17655
30726
3232
17907
29513
25413
24452
10657
25708
10132
1718
9712
12052
18721
23738
13856
267
8164
30138
2441
18655
10882
14037
3478
10200
2162
30649
22802
16428
24414
25204
23714
13174
12236
1415
31891
25957
23805
19516
30678
22193
27669
20794
16457
11348
15997
16215
10297
14070
19334
13485
2340
3753
7503
23536
18371
5846
5352
12287
22855
32375
14775
7608
11748
4231
6171
30737
9356
26807
29520
29284
27645
24675
20115
5387
29949
18372
4486
24621
23012
16231
19413
4311
24412
17886
23578
15439
29285
19893
32254
13733
18332
28584
929
29066
32700
3346
15933
23653
30053
30377
23046
22180
6172
27497
12628
19280
30868
974
23299
5349
27179
23878
30746
9312
23992
6630
1196
7833
22916
2140
12284
25555
12950
2085
32740
13714
27444
32256
17272
28333
23206
27810
6374
419
573
1451
2721
12594
13204
18137
1982
14118
27670
30587
15262
19824
2496
6697
2253
19831
15656
9907
11050
22963
23743
8279
17736
17783
32083
23607
23829
12046
29656
3082
3001
10
9319
24849
25793
18393
17031
23372
22653
9369
26284
6383
5542
11821
7421
14864
11844
6033
20826
11426
975
31338
15518
29862
16021
226
14113
17568
21595
25010
5250
31304
25159
25216
27811
21379
24062
21612
30196
28561
25097
16102
21749
28808
6525
11458
1270
20737
3803
20366
15905
16913
25141
27939
31931
9595
10898
19322
3495
30755
1684
3777
17452
16582
8280
15790
15608
22249
10398
24596
21092
5647
3370
27572
9721
20783
28266
29525
25395
6757
6232
19479
8070
13032
674
7428
31647
14140
7176
3304
27116
23465
25862
610
15966
19691
7604
10812
27502
2347
2794
14328
4190
17710
5799
5291
15553
12749
20404
28687
3389
13733
3204
26579
1424
28431
13663
14645
19409
4691
31168
12499
10488
30744
29947
19646
29345
28703
1570
17617
16909
11313
24362
27969
7274
22358
3914
10100
28756
11592
3236
21783
3227
9767
295
363
29767
2670
24244
13535
13273
806
32383
9956
7124
31322
20409
16893
1148
24522
22892
11797
32478
9699
5030
21782
5904
2799
23513
5559
3002
650
2178
6294
7893
21333
24585
31622
25523
15598
30440
18218
11840
14879
14608
25283
1927
13141
8840
31302
19320
13652
27480
2738
21480
42
10917
2208
21721
609
13597
21787
19964
5241
14998
29875
13684
2198
26353
15565
16349
25205
2629
27453
27021
19364
3130
23575
9497
6131
11954
20929
21275
28198
25519
845
26419
26860
14961
25862
24140
17429
10206
24393
27169
27135
11815
26519
30207
30033
10153
12263
26828
31468
14609
24641
18504
12319
11972
3720
8595
16666
18814
26776
23280
27558
15928
17553
21192
12819
27984
2929
28658
14961
5348
12777
1841
11779
638
13161
14846
11504
2039
17278
12936
10812
14229
10589
24826
17399
11127
31168
7676
27572
23603
8944
22140
29501
19133
32547
9390
20869
395
24841
31313
13278
12534
20130
16437
12140
27364
24146
3834
9946
16804
27191
25882
14411
19993
3514
32298
18324
24859
8548
12124
30888
25626
10484
27977
11859
11524
26542
24301
24876
18793
3829
8691
25285
1246
15132
9267
24868
11935
12922
13946
15991
25208
6844
15497
4355
22757
6271
7776
24414
632
3359
24252
27870
29307
26313
31454
10833
23767
14040
30606
7918
11060
606
16224
23948
28002
256
13878
23058
10487
15880
9734
13103
19514
20405
26845
17483
18496
6357
29732
5053
5717
18582
10531
28990
11422
3226
3779
22685
9724
10569
22680
27829
8498
27755
24350
7837
6987
11766
27971
21790
18742
21284
1830
10346
13492
1993
3615
1546
8308
8676
26111
20761
30587
25460
32665
21168
19402
3725
27777
3745
10299
32682
24595
20584
14765
16965
16823
1118
4960
21413
13412
12592
4770
2040
14179
9616
9644
17825
17494
11818
31175
2771
3704
26586
21683
29023
18214
540
7496
9418
2975
1476
22366
32419
24584
29679
5867
15635
23475
20793
11883
1974
27296
28976
7301
13993
18500
5641
31979
4069
6026
14482
130
28363
15384
3176
12483
2559
22739
5226
609
19322
6053
23405
31531
28379
7806
9522
28469
23038
21912
11157
6450
25552
25344
15366
4645
32098
32594
18749
27705
28988
1987
17706
29932
11507
29029
22315
25203
18686
423
17026
28762
17093
28699
4358
12140
7419
21885
22040
3282
23086
3056
7641
21631
1436
25738
23707
13003
15945
22035
29333
31069
30798
2314
6106
11087
26740
25833
17548
5261
19969
683
26956
28798
3794
10378
3062
25575
22954
13069
7307
19980
17098
3906
5743
13592
3778
10824
16853
20926
8070
31249
10615
32289
14276
870
6282
3057
2165
300
13553
17879
15539
4325
2481
8212
30666
2170
5541
23653
31121
22839
12915
9513
23803
9239
26558
25541
9449
25410
32413
22088
2882
19668
26956
10315
17990
21216
21282
4892
14367
25781
27843
18715
15545
21855
18583
12387
2516
2929
23419
12461
21848
24066
30134
6258
13800
17142
18478
23888
29113
12927
18908
15279
12197
25570
4477
31140
15995
18303
30602
20758
26266
25100
5227
17695
31166
27937
28392
26292
5401
24825
28384
19593
18854
19319
26685
16943
7866
6247
21031
29311
8924
12039
32376
4412
32470
2245
25968
18420
16140
9547
22955
27175
18189
32697
14415
13484
9064
26929
27018
7247
11713
27801
17724
28607
14115
8092
12272
20648
11416
1266
1041
18460
27127
25570
7003
31287
12030
14597
3215
15619
27296
9292
29035
5785
20640
30788
18649
26249
27999
20121
18791
15996
11251
17882
14327
11800
632
19579
5815
1572
14507
7456
16468
22253
31925
20505
17259
11752
14916
9768
4673
22168
26592
28811
23219
8882
15997
14902
6768
32128
3916
5729
17253
20099
11223
14402
1145
28508
5197
14364
2683
14573
24602
10616
19800
27579
5307
26290
15762
30614
24273
13752
26093
26237
24948
10767
21868
28348
4041
26647
25979
28759
17623
11663
12398
25003
3478
17243
19498
28499
22857
15493
7458
21321
1038
9859
21894
10061
28596
3768
29878
13963
7884
317
23293
4728
1539
25824
17788
28413
1967
22637
18020
2519
19879
29997
3433
8510
30040
6829
5235
15812
16917
10176
1174
21377
18863
17607
26436
32365
20294
9008
30657
24077
16478
22077
10456
21586
2101
10503
13005
11198
11605
5570
15762
26824
28005
16962
31549
19074
19268
9662
18106
15993
17241
15317
6845
19420
6692
26830
29947
14817
31001
29476
31130
30053
19887
13890
27366
31187
7860
29323
18757
16710
19427
24221
12141
32754
27576
24023
16084
11968
15235
25
12392
10552
21948
11978
23937
25252
8854
11040
21780
30322
14038
16795
20777
6107
5350
22227
8335
9410
1061
12660
22734
24543
29314
9607
25693
5660
5193
1267
16661
13119
13884
31043
742
2506
30182
10921
28361
21023
21548
22595
16885
9448
22053
17822
31062
29878
10284
8569
11579
19176
30515
18891
21839
19407
29786
4359
2250
17936
14016
26782
3816
20809
28568
5317
21403
16375
9344
19834
5244
26775
25615
28865
23048
2571
10413
10804
4361
20288
23976
13242
22610
13838
14980
5015
22191
23903
26770
31653
11548
32404
9924
11744
22837
5668
24511
2600
7150
32646
26162
10563
14468
2130
19302
10530
8116
16035
1047
3685
23338
32447
20355
24353
19772
1018
5312
23264
6360
215
10834
29673
17851
625
15357
28098
29924
8985
17112
17652
14665
20545
17315
17422
26824
10137
18266
27116
31072
12151
16906
1337
16033
28284
23524
10547
7009
9845
20624
24494
31665
13951
22724
15452
11024
26735
21012
13643
23262
11632
6412
25775
27923
3566
18812
6114
22320
20659
22803
20393
12662
7504
16431
5561
18006
7615
9460
19322
13866
25414
15516
22026
802
4766
22285
19333
6529
6997
18609
1412
10249
32369
9858
15587
23731
26710
2148
4808
22948
8682
17848
10976
30301
7414
24622
15084
8498
8144
4314
13181
29949
21559
11147
26107
22291
15742
19544
19436
12663
23021
891
21363
7502
29540
29539
21783
4499
25409
5380
5830
27148
19844
5746
26
23165
5937
1966
25563
8731
7158
18879
708
4931
26382
29701
11146
17260
29541
9163
7194
30555
14077
27163
2082
8086
32144
19414
26836
31002
22135
2052
31207
9808
6602
6248
2014
21566
18633
8279
29580
16378
19834
15819
3800
12389
23956
28852
14014
14357
1180
3214
20118
21395
6478
26680
153
14279
8766
16388
26529
25776
28095
32267
1584
20569
24836
23747
11956
15880
17029
6099
16649
5560
932
7973
24896
20425
19857
61
2975
18679
21867
31178
10728
4745
15272
28027
3551
4810
31414
9236
29958
2493
10466
6081
31147
19981
4474
14506
5412
22083
26926
24519
5978
25147
8636
25590
14212
22745
8397
1355
8757
11768
24089
8871
10393
25763
11474
28044
29947
392
13376
4143
26763
425
23465
31183
1631
10581
11635
17734
4023
16215
30092
28126
13701
2157
7946
18021
813
5884
5391
26244
26249
17153
10992
588
31024
24139
20374
24594
28408
30952
4132
24701
19897
18909
11737
19677
21076
4122
19257
24510
9972
32684
29799
15294
20116
3893
1750
17563
27074
14745
15392
3728
14498
2043
23606
22498
32309
30696
23226
16566
10459
4561
25513
13605
25623
17343
6973
15762
30611
21570
5394
10555
5988
426
18055
18191
2446
8570
30823
8384
17611
21530
31689
27672
27784
8396
9780
9872
20017
3553
22791
3871
17326
2349
6168
29264
7982
13496
29596
31895
1059
27574
18759
1765
20877
5050
8372
4474
380
3622
9990
24827
8656
24038
3536
29124
19012
21854
20786
13695
13227
24736
10565
20213
21625
16355
10937
16421
9860
17969
23229
16019
31244
28767
14879
8675
31225
26690
2997
8358
17765
18464
23035
20340
16986
12901
32765
5691
3549
4503
14712
4054
11563
5260
32316
2018
25666
15067
11476
2765
21923
1424
18537
15407
20311
8228
19940
26462
26928
5548
25683
32317
22609
26192
27790
31316
7152
4351
13338
21542
26459
25953
20301
1214
27961
12813
24243
17804
28691
8957
17329
623
15379
25662
2152
12819
28171
23788
32476
2173
11192
5726
23382
14308
12617
9118
19975
13251
22555
7452
24557
10796
31431
1187
5883
10079
23134
9611
9588
6043
26867
17713
10392
6964
7514
14244
14978
24806
13360
11425
23377
31337
539
18626
30086
24389
15187
24306
429
4584
21602
24100
3392
6902
24616
18245
10440
20192
3873
16238
325
4536
13291
4703
10448
3396
28930
14633
21119
3409
29647
14634
1417
30281
24801
28478
2986
2568
21882
6964
7881
28396
8781
16255
6617
11563
9094
10542
12541
5738
23051
13343
29935
19339
10753
8047
9634
21702
25235
1588
6182
32763
29422
20591
13261
31046
28816
12348
19084
20949
21187
32588
20643
26870
1892
4245
14208
27508
17641
19016
28641
23844
15779
7172
22330
24763
6207
9545
5206
12770
20883
8239
10048
1421
27544
25688
12388
17544
3506
5667
13042
21586
31288
22050
22147
25135
32048
1231
27647
25721
14426
28282
14782
17975
28785
29574
21229
28913
16301
213
32308
10434
20876
27777
28565
28334
3026
2765
22936
23862
18638
3931
6565
13098
1760
3743
945
191
12600
13203
4381
10977
26080
32172
30426
14538
23805
6925
26322
8148
21842
13052
131
395
10757
13458
13549
4103
30118
32182
8623
3193
26221
28236
10093
5123
10179
15273
16244
11981
1284
6218
21665
21845
10628
966
9087
24582
8656
22274
26031
5389
566
24740
19597
18536
22151
9674
3856
16959
16155
6907
3826
24440
24342
26974
22801
8326
32746
5161
1302
6785
3613
4701
14420
32380
21325
12465
20467
11027
4465
20427
30285
31811
25441
21174
10136
19839
1689
20881
27078
25087
29241
25732
15273
10076
24401
6905
32603
1626
9820
29448
25565
13828
5642
25906
4606
17663
10051
22611
8318
19736
12904
4562
4980
1311
2524
30235
27373
9464
7619
11599
1238
20463
3337
57
22044
31052
18342
389
16145
30503
9761
22316
32530
14206
6739
14387
2919
19333
23918
29333
19818
15677
16190
3454
3051
25416
31406
23481
980
9980
13197
4716
29705
28854
402
14339
8338
11889
11422
32618
4348
10391
32322
25471
3580
6422
19585
5831
8790
14519
8663
7007
8957
13996
9850
5942
636
20071
11999
14458
29588
28595
4992
15952
7975
11517
13789
31176
29013
25586
22208
23312
16868
21584
8646
24296
23525
6389
4635
28757
10388
14141
5253
4762
385
14474
2724
26468
28141
548
4984
25925
20343
24388
15651
21091
16888
29035
1008
22386
12971
31480
17045
16095
29329
14330
30645
13390
18451
14659
1193
6215
17386
30142
18816
15404
23868
1538
16964
6767
6407
15910
2431
24321
16579
6615
25598
21518
27715
11945
14805
1767
25309
6315
8356
14656
6090
5438
23320
29339
17871
16423
29108
17924
28189
9954
18641
8191
15991
9785
22499
12479
8850
17942
26111
18072
1217
1942
28570
11447
466
22878
6548
25105
5170
9778
21877
15513
31320
12740
6902
19638
23649
14281
23235
5364
29944
338
3711
27130
16761
25690
2568
3772
32086
24987
29181
24817
27833
21671
31614
10696
14955
27187
22835
26326
27892
20662
31120
8019
14084
22323
31319
6535
10001
28242
30046
1151
31298
16310
2706
27140
5772
20363
19260
31950
28699
23646
27267
5876
24051
28978
22322
31911
8663
24016
8892
14112
10089
2398
22910
7127
16020
21299
12355
21494
21799
30186
11021
30733
29634
8373
8467
5127
502
15092
16902
10077
5544
1543
152
30089
20918
4448
1599
15038
6110
13532
5174
6358
4571
1363
30150
20620
21968
30574
26563
6891
10730
9400
6489
14086
11073
26360
10761
32746
23552
15807
18670
7889
23750
12861
22853
11672
21836
11608
16428
23923
20551
29696
16298
30176
3728
15804
752
16345
5506
6537
16350
12622
31907
5349
4553
27858
16007
22823
29052
27029
4338
13073
28284
22418
2109
14504
3473
5129
2555
323
28801
16944
21212
9187
11039
23590
5073
28610
27012
20520
27248
4911
19357
32263
14491
9368
6630
10457
8028
16873
14196
12527
8468
14869
30009
10760
11989
29937
10884
8644
9484
3401
14023
10844
31587
20782
20637
32143
11237
7309
17931
19424
5475
16902
4614
3070
23831
30202
27446
24196
5000
28646
12282
23010
8365
13808
21420
21147
15189
18112
12582
29618
28615
5521
26245
15198
31141
3208
7725
12293
29974
2372
26893
24936
11043
1974
3620
2588
32098
28467
29507
25913
13522
13767
789
3158
14343
19917
13406
29108
27783
4540
5760
19129
18291
8772
1859
32416
20842
27290
30165
28016
8618
16144
22288
9002
5240
18920
12028
19271
16579
14954
21397
30817
28932
27188
19662
5169
9064
27858
30165
3001
21809
15758
17305
3010
7513
32649
21642
24969
23161
1035
11679
21430
30698
2840
18590
1933
3626
29252
22424
18024
25217
17864
25010
14181
2532
26580
7468
24924
13081
16935
10907
2324
23580
13790
5497
16310
30402
15753
15840
13697
16540
30084
3987
9408
21022
32389
10814
26873
10496
28273
24319
5736
12773
17268
10020
9643
5435
3408
30775
1983
19298
16629
6456
13867
15376
27219
23849
4987
27892
12396
26320
12272
921
24493
22968
18038
7822
28286
7289
1494
18884
12312
4153
31277
4663
10646
24947
10909
31952
15695
22007
16194
25738
8292
15410
17256
981
20117
24496
22523
11576
28761
9951
27198
30521
26413
15894
17088
24449
29740
29653
141
10556
11488
10831
21665
31423
12888
549
4514
32365
24186
8821
25550
2779
23451
16915
17714
5682
23117
22038
540
30933
22904
2455
25044
17220
13485
25269
18311
11073
27830
14556
24452
21553
24178
24648
11435
30404
23520
11972
2593
11224
23417
15800
30025
24219
12739
3426
13296
10736
2339
28004
10952
9493
3058
20095
30744
25474
29908
24990
9905
11284
31045
10262
3364
11114
17013
22828
11570
9616
26710
16600
10116
27354
8947
31688
6045
5139
9731
13480
27660
18903
23230
18081
3814
6974
27631
26911
29299
10171
22603
18648
22056
8259
32513
12810
22485
25521
23186
12291
9504
14953
24035
17895
24882
30011
10129
9390
4784
29579
32644
620
11757
21679
21191
30421
3934
22681
8598
256
31310
13238
5049
6763
28626
23061
10001
31552
29184
1484
11377
29654
1884
31896
1711
32635
4755
22723
24570
29809
21100
22859
18797
30006
7675
32064
30949
1800
12568
28270
6416
29097
7439
32572
24519
19552
12697
16340
24222
23616
29195
28292
16825
10156
27342
18276
28897
25371
31503
30522
18134
6937
26295
13722
21223
16271
17566
19026
22721
29763
7419
517
645
19106
19488
22037
31005
18622
32100
19398
22223
24979
21088
20129
10258
17038
2654
2583
28321
6736
15886
1639
23247
15535
891
3266
12058
18429
3646
5804
514
12173
8177
19621
21020
20340
23783
22537
8290
28045
22810
3125
1229
19392
29029
10987
28966
12163
17652
18424
5657
672
25336
4115
7819
28985
159
30473
13613
10506
19267
4375
2129
7663
10978
7063
16381
30630
2254
30944
6718
3285
28325
9063
8639
3919
4484
23594
12954
19859
7544
6222
16750
11670
21813
29190
6322
17602
23051
8376
73
12606
12309
15451
854
6256
21172
20516
18513
28352
27963
97
12123
27807
3052
18341
10958
21704
22820
3877
1561
28614
15058
9826
3787
24759
25645
24072
21485
14159
12199
18966
28565
25376
21788
28480
3768
27672
20560
24466
11072
5195
2968
2645
11358
18162
8919
17206
24866
30900
21164
17573
2377
23845
26602
12668
24662
5517
17225
23009
24292
15594
17755
18285
9786
30008
14017
21646
18976
23023
158
21289
27889
31694
18764
1668
25074
18903
18766
29796
18914
2971
27782
20850
24018
20663
5032
3299
23607
31135
2543
16216
19518
15770
783
259
2911
21006
13674
27404
22837
5886
25734
18483
21901
27857
28607
14518
9405
5973
14649
19829
11831
20995
31001
24148
10589
31109
20725
8161
27799
28277
13192
15415
12963
5480
29867
29474
18989
6187
5505
1411
25504
19532
8433
28662
28987
25308
11353
14515
19815
17780
20608
21682
6984
17526
11981
26643
5522
31381
22199
26044
16286
2456
8061
21060
11453
5210
18967
11792
20940
6678
32620
19131
5384
5857
32453
4027
4132
3448
4226
29250
14489
24124
4364
9315
25150
3963
10250
16246
20504
27377
32728
28093
18291
5263
4404
22344
22833
32379
22331
22037
21859
24151
32661
13692
7446
1990
27372
202
18031
20524
4514
9517
18171
24502
8387
27344
6208
5019
25400
2374
2712
21921
19262
23340
14911
3298
12311
29962
23210
3024
5119
9083
19482
8055
1634
5262
12146
9218
30284
12395
27717
17025
2337
25914
23860
15337
18830
27200
5751
25948
17087
15947
31417
14763
23507
25937
4649
9242
1933
10580
22478
26723
7244
25224
28954
19453
26685
2744
963
25757
21967
8166
7630
12286
13415
6706
25581
22750
31062
30973
31242
19785
3336
11085
23076
2585
30845
22387
3418
16318
1789
17900
31557
13371
12296
29574
17291
1649
23949
3779
21937
13984
25180
25730
15153
6187
13532
32732
18381
4251
16897
333
9250
18407
27769
28948
26240
11763
3110
4316
11769
31062
465
28827
29624
864
13085
19131
1685
9564
697
27512
25830
31506
6362
10121
26775
11920
4073
9730
31101
12586
22904
377
14823
1472
28539
1127
24950
63
9653
1234
14895
7786
12144
9001
29647
24027
11633
28784
16734
13124
22571
16284
29959
1787
6707
9793
3623
23222
12020
28778
28068
31891
6564
3016
9344
27483
2167
11792
4270
20487
30738
15006
15396
12419
11074
11102
12849
16307
19182
236
16145
28340
16970
32250
19903
9060
11086
12787
22538
14372
24423
5853
7403
10460
108
18052
4374
4416
3539
2773
15823
24658
23077
19848
511
25896
29871
11010
27015
6384
23419
11385
3796
18993
2430
27993
15027
3412
13587
12262
13927
5730
21160
9507
1018
24591
12215
27635
28880
17400
14841
2943
13954
26665
18134
27863
7657
9698
28447
6108
22648
19867
21247
14173
975
27717
23087
10368
2958
30163
17514
6500
23911
30969
7713
31492
9080
16435
28015
19039
30935
1034
11087
29910
19566
4755
23821
23509
26121
4152
25082
15285
16813
13754
18788
31201
13612
12151
17605
7736
5110
489
2619
31667
17714
6000
15160
19528
13
23377
9083
17422
8786
1534
25663
24481
21820
32408
24498
29128
29832
30130
30888
13397
27597
7512
31377
24653
32272
8783
15784
4425
11155
19103
23406
30748
10735
23887
1879
8374
8802
14192
24515
20297
10858
12893
19247
14506
10899
16192
13741
6649
10125
23512
17041
29572
8577
17530
18030
27369
32165
1878
7489
6267
11791
23804
12523
17383
3015
27167
17381
21528
5919
20120
21551
30295
4679
9645
10889
16567
10780
23444
27110
21424
8513
31795
13086
16138
12657
24362
12515
11772
5907
21779
8182
7830
31503
14856
10138
10332
12001
4454
5706
5684
28396
3793
22183
22402
7952
12409
12468
3217
13694
20123
11077
12853
18379
17482
8629
12462
28228
5487
25048
20944
29058
13839
26160
25185
30270
22220
100
707
7014
23215
2029
27346
15983
23076
24851
9488
23022
22342
28696
1280
12898
1885
19635
23759
17748
21925
18880
13881
11939
850
9525
4779
30745
2256
29784
30373
1857
7247
8239
17507
7549
383
1592
10684
7763
1688
4443
9546
4104
21150
24349
26315
2672
26851
17686
3783
2052
1485
19109
4468
19765
14553
27362
16598
23040
24544
13012
16938
6595
26522
4069
29317
17743
30048
25234
32441
11070
24118
10599
12920
21127
3848
22571
17084
11087
18996
12120
5989
16898
24137
10190
22564
10403
14862
18119
16537
2656
455
28174
32696
7530
2483
31852
9841
26371
23001
21091
27024
1497
7941
3871
15074
30354
11533
6570
32153
1704
30296
19039
23025
26999
7329
18593
29716
9108
32505
28877
2619
16481
26891
22124
15895
1502
18340
13998
3439
6850
1651
28436
15882
21195
31501
19564
16591
5458
307
17922
20523
4642
11352
30997
19891
14474
12894
30856
8971
9393
29601
17626
10758
30506
17462
88
24590
19144
23157
13201
26823
15540
1716
13835
9199
15036
6230
3892
23177
3054
5125
25499
18234
18278
7995
16992
32243
11620
17671
26346
30416
5794
30734
17111
16448
28132
30160
25657
7271
26576
28460
3071
3520
27904
6694
2225
5895
27222
4329
10593
12886
31631
8712
23774
17294
9243
30217
20778
2552
2604
11812
10030
21804
26638
24648
3757
306
10166
5215
24183
32232
23709
9939
31967
26019
4047
13393
11374
26393
4670
29389
4313
1663
18781
7110
49
31214
10730
19403
29786
9483
21771
31550
12478
30695
2973
29784
28738
13604
27593
27245
12154
25434
11480
5745
26392
28088
19784
31932
19115
14319
26399
16394
24454
10571
7807
9670
32765
29475
24187
12168
7896
5748
22569
28124
24321
27849
30712
28741
21376
14430
17732
30337
31657
32644
24616
18191
20372
14151
4500
20207
28878
335
8607
28329
21326
260
26654
6288
29355
3062
19317
9288
26508
14715
8621
31622
29023
5530
10183
1047
18510
31527
848
27428
19310
22832
566
13748
24378
26520
3290
14962
4161
3842
32358
26801
19995
2032
22369
173
21153
29996
32385
8467
2398
32104
960
19908
2880
10273
6577
21462
659
457
14613
11996
2864
19236
8874
21352
25330
14323
13123
718
32362
208
15901
3114
21972
19545
24945
7844
32329
13200
2374
4338
25398
25986
5257
16927
13324
11815
20575
30603
23097
25738
15802
23604
2904
1065
21803
1331
19364
30111
15607
8074
29875
19072
9580
11036
5217
28805
16245
26365
14346
8169
365
21228
30716
2322
11825
27166
22315
1396
21113
31550
19239
20403
11368
16817
76
1799
12641
9246
11832
485
9757
15406
4227
13276
31994
2960
22442
10941
28310
577
9803
26366
157
14858
28312
4960
28383
2890
17414
24528
10918
24309
30021
907
25670
25053
629
10886
21237
32048
17303
21005
11997
14402
21313
22698
4464
26509
4502
17736
12284
19703
21366
2456
9343
3411
4594
17332
14524
7977
11779
17155
26510
5818
7291
21596
2173
29503
3643
6510
22927
20850
26791
28511
23392
10063
8791
10419
13173
27932
22543
7792
2254
22439
11762
23679
3770
1999
20722
27990
12784
21317
11403
2260
7130
2708
10417
10860
52
24671
1031
21126
26838
21994
7761
30498
29646
20701
18220
26559
14258
15940
25853
10363
16949
26329
2087
2171
25847
22662
16001
30605
17570
2342
15111
24332
24114
5772
9679
517
30356
18374
10303
10391
10355
13218
2430
6816
1103
12402
28456
11670
30415
28941
5702
27058
26968
29462
6269
2644
20702
8833
4485
23971
7930
22098
14557
18291
18749
2728
17341
27501
23237
31739
9037
17001
17421
1954
29460
7967
23817
30104
11187
26111
19827
3967
28115
31837
20320
10469
31068
13009
22
31943
9447
11998
13089
1107
26999
6097
31652
10994
22115
2796
24558
902
407
6852
27469
25328
18429
24040
4647
982
29237
20675
7238
6051
4492
3780
2420
26831
10540
9916
9288
29280
30608
3719
14143
4273
29755
31214
6158
12146
21930
6348
32055
6384
13191
112
20955
19094
6431
17475
31695
29364
7190
426
18418
31616
19289
25390
28861
18267
2645
24283
29467
597
11367
13285
9595
11506
25747
27538
17700
17455
23928
24915
28105
10944
3459
5684
12126
14236
7012
21367
13866
3515
26302
24700
14620
8478
2339
20453
8802
3345
25407
10231
9784
8109
2643
27202
15358
16032
10726
16004
11662
2353
11703
17611
12492
23422
18421
21210
16255
5896
10162
8398
8543
21618
29590
10497
23662
25222
23760
16175
32652
13945
24146
8919
31558
12656
31806
4324
31984
24386
6043
6285
32755
4736
10829
14202
2407
435
32580
296
16869
18916
15091
21902
24982
31330
18436
27393
8848
3519
31818
12117
11619
29724
2551
17477
13294
4774
4367
6932
11896
23649
25884
29557
28412
26661
23332
16809
32451
10214
13272
16359
31288
9528
30222
12032
24313
26385
19825
2627
42
25809
16759
12958
5390
10881
22676
21767
5592
4696
31662
4122
23230
14212
11728
7428
12624
1575
27682
32671
23560
3231
18969
478
12322
29194
7659
32364
17837
13833
20806
16016
28131
7621
10817
28500
25526
29232
8339
29158
27307
29582
4866
2878
20459
9779
28959
14081
408
23694
11569
8614
12381
8806
2671
3543
12105
28004
7026
10522
1501
14034
1257
5040
26723
25250
22671
8125
2690
6066
7258
2986
16
27982
20981
15304
8231
4599
4721
14134
7803
20322
4664
27652
20202
4036
8514
32408
18261
18509
31627
10321
21423
27890
32196
26987
28755
20848
4680
4643
16027
7054
27219
26395
10158
10914
22382
25855
8601
6230
22830
26473
19106
13996
13086
14082
20184
12096
7930
17131
19439
10190
28446
2395
10059
4083
13629
29577
2651
31800
16726
10444
31016
12876
3300
7424
14126
19089
26198
24109
28266
2778
28862
25955
19636
24180
19405
28392
2895
3939
30719
7574
5311
9453
19219
28030
15578
2909
2238
14801
16162
26881
29600
23041
30546
17525
27255
6691
2103
24611
26003
4760
25793
28427
26762
8940
28506
1728
15404
5118
9078
29363
1209
9569
32108
19636
2130
2563
5252
32438
14766
6156
6993
4563
23310
12297
14913
28304
19827
8010
30834
29281
24590
392
9927
32368
13304
26060
316
25498
2083
14987
31350
20410
401
17686
26015
8235
17347
10290
29296
15752
28021
15874
12175
25782
19848
18734
1820
293
25664
16702
27014
31826
1199
15943
6820
9873
10865
18378
21761
7433
22426
2777
14199
20736
3821
15227
12543
5209
15951
9554
24263
20314
11643
12155
4229
17331
17654
22454
26380
188
16710
26823
16668
27903
9823
28700
27263
2294
1886
13999
16721
20246
30329
16686
17824
21772
12598
7002
18229
4678
23772
29357
9648
28597
26407
17471
22235
1233
24384
8682
10040
9694
23276
21164
26844
10094
15364
21070
1152
31528
27173
29763
8406
2503
21672
11731
21529
28262
20693
19321
5096
30458
10323
5513
22356
3616
27619
10261
7992
29209
24143
530
22729
23826
2972
4023
20077
681
24711
13350
6865
1710
22064
5710
21045
20774
1552
13584
22027
25494
14896
1696
1729
4990
19869
10031
18395
20003
28951
23239
2628
18833
10249
26230
20710
18145
4542
1198
25464
18872
21201
30956
9111
26896
13029
1688
14361
7483
17047
20268
670
12068
7601
23449
4967
11481
7584
21735
3948
1862
4137
12315
15528
15683
18007
20829
10424
14290
4024
27226
7588
15265
30153
6120
22781
5079
19374
744
14632
23053
26150
2161
21753
32665
4031
11563
12676
31763
3398
24568
2607
17682
18050
20442
24332
29495
26402
22801
15718
14445
3059
19843
30362
2926
20566
7265
14632
11402
20466
7432
16394
26532
28838
293
3141
14205
2241
