16296
24950
14016
31602
16798
19591
1265
15343
29493
465
7459
2159
5814
9102
7540
14373
20951
32420
9472
7248
25894
29821
26208
22709
29355
14099
17264
8269
6089
2890
22101
10811
24166
1411
3007
29440
18764
29806
12908
7666
32718
28191
9198
2795
23726
13157
27309
29758
25662
23895
2351
10479
26054
2351
18071
14115
19494
30300
9324
6869
25020
19154
24988
17611
2952
29093
11969
3528
16270
18390
30626
27140
14972
2925
26109
28889
14477
16583
388
3263
13741
562
4389
26490
30942
28087
8590
26258
28378
9527
21745
19460
6138
5306
24580
20279
3414
29443
22605
16945
24878
12392
14236
5899
24201
18400
14553
22946
27675
9822
29183
29072
5740
7261
20329
16475
1335
3516
21581
28651
24592
21453
17542
1346
26186
1449
7062
2919
15896
6854
29931
27299
16114
7115
18785
16368
15163
21922
9737
18607
3360
17103
16425
13977
27331
7937
2691
32760
17817
22759
12250
23
14608
22085
5811
31735
19574
15943
21081
24387
3094
15893
9507
17798
15780
31655
30713
9116
13275
10971
27413
9575
1380
30917
25607
5059
11002
16710
15612
22203
18636
17120
31039
26621
10018
17608
8960
18827
7748
25405
13909
21684
31128
30233
15742
30019
5642
17830
621
9462
16304
434
31110
15153
4782
12006
18851
25844
25432
32339
5467
22795
29079
17230
27012
7300
27534
31614
29942
27494
893
7475
28050
6560
7397
8185
18051
64
21741
29550
7108
19173
27140
22608
30434
14711
18120
20442
20740
10773
13350
5457
30248
32591
30403
21978
11695
13974
23451
6798
19484
17136
30697
6352
4633
32753
8262
23774
31931
20710
23316
679
27398
16467
21021
28893
15540
13216
1912
19018
20018
1807
20909
2407
30188
9713
25368
31275
26314
29466
24723
1569
7162
5522
19279
1725
12785
32141
16899
4592
20652
13725
23881
29946
2876
21543
11076
20864
22657
8468
3719
4318
2358
17352
1074
8638
24365
3416
5470
13290
10716
13047
30652
26206
3097
3250
8568
7074
20258
11358
21604
26710
26336
24782
25682
20494
2925
31049
15553
17505
3027
23866
27069
6717
15895
19498
10240
27005
12406
23020
16477
2750
32750
31511
12895
10094
30720
13754
29229
4133
24501
19018
15792
19769
6111
26847
19704
7565
28321
18080
25052
22441
19505
10108
31457
24848
7389
12316
11614
12237
7244
5141
27357
2640
26119
29793
13763
31096
28471
528
2356
8433
19889
14651
30769
29120
28719
18490
18435
27420
11232
30486
2525
23936
17188
9025
30653
25598
18832
9093
6291
2006
2361
10299
28581
16967
19759
27581
15154
20645
13639
18206
1621
3756
30494
32536
4653
19220
12378
23877
23099
19045
11827
27026
14347
27661
20019
22514
27159
9648
23609
32335
488
18623
4548
26310
32126
17996
6766
21011
4082
25885
16823
15946
23898
7679
11780
17865
11757
4700
19688
27242
23656
20752
21665
8445
944
23929
32486
12533
12216
11469
24800
15457
5541
3505
1142
1054
5936
11783
9933
15435
5452
13063
16399
1278
22025
6033
14444
23349
441
17601
28255
5648
31569
6341
29235
17469
6162
20459
6853
32179
31336
1022
22411
32163
5138
13779
25557
6315
4995
5407
16211
25422
16520
31371
4056
7329
3116
18443
20573
12614
22489
9067
29001
27294
14271
16171
19952
7739
13433
9612
7001
29076
20462
14827
13380
1533
20854
25678
26219
8406
7487
6973
9481
9218
6894
16339
17561
27291
28553
20
9184
24035
3732
13185
26157
22142
26234
26090
8928
7647
11311
1156
11817
9217
2580
24891
24338
15703
13851
73
30400
32005
13099
25608
3317
32592
16838
19204
9690
14419
17385
5205
21756
6900
6195
15916
4500
11287
12362
12971
8203
22034
26235
22266
13501
4192
22176
4247
13310
12185
15943
13549
13146
29089
10256
5929
8225
6688
26199
10313
12068
13107
8467
23925
31161
18018
31486
20627
27653
8657
4599
20246
26746
32186
24228
19222
17566
5658
14171
25254
782
3243
31299
29026
28355
10003
8886
24647
31637
15707
19946
10184
4093
27810
29393
14365
7199
25107
20797
15327
8712
21012
23624
26834
4916
28608
9203
21250
10067
30872
525
30225
4172
10357
3671
26831
12163
10690
7653
28427
12376
21991
20935
23977
11248
23048
30953
1269
14903
5104
18744
5431
5157
15176
13318
12680
11073
11021
22960
9443
23140
24385
24702
28031
5056
31456
13002
4700
12320
27157
26725
30492
17265
29870
24374
8725
6786
21710
18212
10404
17928
9697
9527
13764
22245
16341
4601
24287
12202
21128
14115
15076
3930
21884
20597
28569
14705
8146
13286
10547
24356
15478
9469
12324
11755
20119
30591
4404
10045
6746
17738
3027
9626
1487
15233
15021
13007
9764
17129
10880
4982
11544
1939
21290
11196
19123
9148
9991
8551
22324
29169
11385
24343
22860
19063
21960
23755
15497
12265
2861
20904
19477
12067
6953
13046
17824
30303
1307
9324
6299
26526
21010
15789
9639
10826
28640
18706
4685
25
17008
24490
1263
24884
24409
1663
23806
9113
10162
12571
15214
12733
13353
19787
28519
5238
18255
15395
6974
21529
14902
23618
9635
29919
5950
2392
19228
4750
22316
13541
25522
24405
29820
31811
12521
2551
18681
24550
18422
20268
27018
32739
27693
14916
29775
431
28089
22797
1260
809
24719
26359
17189
16091
16293
13174
16300
17789
20574
18344
4918
28859
23113
3896
29652
29497
1804
2178
13441
10707
32411
16375
25335
4649
5038
6851
30664
2651
5233
13486
19625
15889
4989
21824
19729
25791
15623
16425
5379
13607
3159
25824
29223
12831
30076
12681
31520
13460
22335
3356
12570
22223
18773
15556
24482
9463
6873
14469
11963
14039
5369
13090
6958
5858
21999
22846
18721
6772
22579
3009
25835
3931
31214
6525
1575
25238
6322
15378
18695
9308
5481
23566
4588
3425
21644
24665
12083
26964
3734
3281
19793
2732
1207
13361
28962
11172
28108
16695
27774
24708
12175
23302
270
32547
14347
10441
9565
8106
2900
30873
8242
6810
22900
19873
28190
10257
12456
6527
9553
1097
8141
9454
19377
15713
23829
27554
21294
3680
17662
28532
12367
27511
17797
18111
16145
9094
2454
27146
27122
15074
30920
1255
18249
25430
24391
19994
8408
13671
21009
11006
6564
3804
9062
8741
26117
14974
31609
24895
18937
17693
26988
23101
20925
9171
123
15286
30879
3981
21880
18569
12814
14790
28791
21188
2291
16022
1738
24004
18756
30700
4400
11166
26581
5655
4681
14782
7282
8588
8525
28878
25132
18915
3326
3034
20976
9762
10971
31409
2910
19006
9879
17294
8151
21983
26057
10231
13272
24676
21477
4326
19079
26151
10859
1575
28556
6914
2398
13569
13090
17938
29688
18968
11374
2746
1436
8850
30223
17131
29452
6265
22774
20131
11228
28256
6520
31924
12327
7754
6817
28871
28288
4039
19404
10912
15915
31072
5232
4772
18830
28981
12861
12184
31970
28901
15720
27051
19758
20654
18243
32439
27510
32214
18192
3012
14383
28745
18711
20430
2807
9091
5110
3016
8835
5808
14393
9184
20697
6162
15914
26117
14271
24484
26090
6566
10611
15613
11713
15549
412
23670
4787
4621
2689
26511
16212
25767
17017
1167
7389
9395
5538
31083
31358
16749
24534
30185
16118
25710
19163
18693
22626
29229
23770
1428
24146
29637
19219
23079
6690
19961
25806
8242
27016
26997
10901
26222
12137
12374
26016
31355
18161
1261
21393
13770
11490
5568
14946
4538
21292
13010
30875
18177
21183
2085
26056
31822
28573
24956
5930
18477
9011
23397
23725
2602
8425
9591
2586
24377
2296
14809
24718
13653
15739
11780
11307
17000
3530
201
27149
25195
11267
2453
2687
8398
8425
27892
9071
28954
12786
14932
10016
23253
28059
5900
29471
7334
20991
6812
19320
2745
16808
16438
5673
11365
15013
4478
27351
23820
988
28303
19136
29763
17570
5950
5361
14643
14985
22946
2745
9535
377
2516
30813
14824
8707
9971
22029
28141
23025
20843
29975
30134
21282
30327
3419
27378
15509
21733
16127
6016
31171
16154
23652
26507
23602
15957
4184
18170
6983
31544
13453
28167
32348
3972
27721
24877
27922
9508
22368
10312
23016
1645
29024
248
15117
932
28939
4166
1395
20928
15370
22410
24101
18034
17119
28812
30170
5475
22812
21737
17098
29373
24018
13496
3264
16108
18509
8302
32625
8102
27902
2559
14092
10792
3769
24902
31506
707
4129
20391
7016
5528
22880
22259
9131
19616
17947
22411
22723
26351
12196
16841
13499
21817
26482
30363
21711
16277
13775
7025
3527
6273
12497
25946
6788
24870
32651
8041
6361
734
23940
28766
18588
25076
29289
9090
16636
3499
20990
30931
4116
12673
14426
16481
30913
11188
22100
17656
17073
27910
16953
18943
20669
1469
24768
8352
29049
1007
23103
6186
7689
1788
28702
19891
6966
11356
18060
7937
12481
14747
30322
17579
27382
10145
31653
22395
6789
29495
21344
17687
1678
22215
24305
30688
1275
20835
24242
13851
27922
7945
6459
31823
6218
1574
726
22253
25950
7768
31028
32566
29089
29816
26462
16218
31889
12248
26093
25053
10670
7369
11134
12351
5261
16481
24929
17628
27432
22907
12433
13329
632
29438
6889
20640
6470
27491
29844
3926
15678
5489
4550
19947
1605
22091
31913
297
7180
25773
18331
3664
14821
3443
20374
21434
9430
8539
751
9403
18412
28683
68
15563
27346
29782
8624
28135
13986
5563
18496
3636
31995
9006
31659
26854
30036
27420
12861
13920
25744
5289
21781
24476
25298
7740
21648
4302
13202
9533
24837
24388
25585
23325
7091
1681
9033
19351
21495
234
2569
22582
9411
32464
17088
3352
1611
496
18807
13041
10241
8007
13636
16978
9924
11401
16412
7212
29524
23748
233
11152
32010
4160
3036
21688
29894
23467
27909
21835
15400
2674
12577
31197
21763
8306
28851
19637
25870
7888
4438
8660
8669
4133
12625
9267
14608
8159
29036
18507
2251
16612
4354
18394
15462
10104
4184
2789
8549
6752
19757
8697
18602
24391
19858
13751
18409
18018
11516
3984
12125
6480
24472
8140
1977
28996
16350
9425
27746
14437
6761
22434
5595
23157
11270
16806
26752
26801
17931
8107
23416
13561
3306
30250
19429
10289
1285
15052
4189
22503
25028
14126
24734
7990
19173
2273
25981
16106
3092
25270
1312
18660
25276
29496
16237
23233
24092
5241
11970
27574
1437
10514
231
12734
14691
19045
31809
25080
290
11301
25928
20554
15667
22809
22587
12875
28135
11548
27410
2400
1307
12393
11188
30757
30220
14357
20074
1806
30573
28637
8339
7246
11191
12578
5018
10999
9153
19250
29734
23907
28560
8393
8592
16084
12656
16088
22938
10327
26435
20612
27742
29934
24090
5234
27780
16621
1026
14146
12216
14501
3105
14169
13147
14912
6401
13796
14713
20204
24875
22809
12796
16188
504
9152
17439
18122
29860
26099
3109
11042
22948
11042
24906
14811
3641
18778
14330
29191
16454
30150
29761
23758
29791
630
16515
22869
12834
10591
15469
24549
19146
2211
6187
73
28161
13331
28635
8055
246
32754
31554
14451
27568
26876
26046
9329
20642
15783
25212
11834
25215
27817
20715
29904
19535
7354
1393
24917
24515
29083
2652
13353
32197
8791
27931
27987
27988
17609
27566
5154
5263
29278
5723
8723
18447
10781
14755
5366
9338
5092
9332
27725
9813
2292
7840
5621
29722
1455
9102
3592
3723
26785
13616
13825
23365
8894
23348
10017
15768
15594
8831
1042
12694
22207
12503
3531
7530
650
16607
32691
19692
8854
6729
30473
19314
11182
23111
27011
4072
28893
8258
28469
12067
23672
29391
25525
2162
14942
28895
8829
8310
30591
9013
25232
7732
31387
542
30049
7785
31308
860
27888
20765
29767
17507
27958
5499
10719
9416
11459
2016
17867
25846
26790
13874
3880
7459
20365
28275
19906
8322
10285
23446
17295
8378
14052
25745
24444
9624
9885
435
3436
11520
30965
31800
18302
1834
16796
19483
19599
17163
12541
2091
8193
16144
12833
7265
14010
12818
8144
14961
30063
16519
21754
14495
25634
29173
7254
21204
15081
6829
17225
497
11250
3509
21513
23907
3780
11014
15106
15096
20679
7671
23417
240
20231
24570
22383
24152
32053
21382
3784
23955
32239
2900
6572
1338
4160
4558
16942
31526
30315
17605
16683
24010
14820
6498
17013
18374
28832
23647
29745
12730
26510
17014
9598
9816
22118
23834
14424
31934
161
18278
27323
3330
26568
8019
15115
4878
29426
7981
27571
13230
12169
27464
27149
22503
3916
26607
7298
21131
18330
11165
23538
1034
13805
24944
7253
28811
28069
12250
2211
31803
21255
30618
5618
16869
26501
32490
20958
14276
11071
23802
28718
5781
14283
14750
23477
14063
30769
13635
20085
22743
8762
3368
13579
2448
21739
20427
24903
7088
76
13729
20506
25977
31342
29193
1717
14693
26027
4227
19183
19715
19504
12829
15079
514
5305
16175
2027
17803
13468
24904
22681
31189
17161
22888
5700
7667
20880
1648
10650
10224
11747
12246
27267
17693
28894
26781
18252
29866
32452
7813
26372
12404
23756
10623
19238
6174
32732
28515
13433
21091
30868
28645
20277
6314
8334
19654
27239
8411
11492
8775
16022
22898
18931
17379
1959
11218
9311
12605
30206
14555
856
22360
15078
17342
22555
29190
13363
16144
26299
8611
31526
12318
27681
2306
23184
23681
25937
1960
28730
30194
23536
25656
32133
14431
23555
31535
11086
11838
30458
17873
17684
3873
30701
19812
12125
27786
11557
24219
7509
8449
27358
4437
18873
13669
11083
30856
14067
12416
28635
3703
14983
1245
18363
12588
22445
4318
8092
17186
11583
25865
16054
17474
31446
17571
5389
30480
305
5248
16115
26151
16854
11289
25038
24035
25083
15583
17947
11869
13478
17359
21171
18844
12308
14663
19789
4617
21080
29464
1093
27940
14660
27868
17820
28278
29068
27274
18239
11974
16681
10567
25740
9104
28924
4735
21778
2739
22964
9525
16536
15978
14321
2455
21601
1405
2985
726
15791
13241
1740
13108
11654
11933
20259
26207
18866
10838
6014
22013
12044
13038
21518
7304
26872
21952
3600
19036
562
32559
6827
20750
4811
24727
14620
14592
28526
29316
23568
21810
24040
26402
8785
26971
29415
8437
17061
30265
32002
458
28404
8229
8442
9710
29352
25578
2880
24477
4185
3543
23223
1725
25258
10003
10426
28877
17518
19761
21089
9496
1040
10244
26368
8494
26161
29109
24561
16788
15250
17682
1428
8891
3637
9769
9619
3631
10687
30998
32363
18449
801
23321
1064
20679
17271
4588
25199
28402
31280
1363
24514
5536
14960
30452
1536
31428
10162
27753
13355
29155
13746
32660
32110
24335
8074
2354
31071
22041
23067
22963
27009
14851
1454
29770
22541
28852
8923
64
5106
32495
3755
25741
11802
8326
2553
16809
23535
12491
20510
15776
25374
30536
205
22117
29338
11440
24891
11880
3301
19477
14467
1898
26507
1114
19274
24464
25583
24044
15006
25783
1353
26797
18980
12808
2032
1585
20851
3020
32213
9261
23739
3457
5200
31532
16554
32301
26400
9604
9616
16114
1197
8841
19905
2019
1935
6656
6971
26390
26964
29655
6280
13818
29310
6163
2278
30955
27596
27401
17318
23812
29883
22993
24274
18485
9035
2808
27922
12181
20742
1909
21200
10233
14655
28638
30363
25797
19608
4572
20681
6402
24007
29149
7777
28337
2969
7432
15160
2143
3126
22390
26457
16634
15784
31391
31658
7651
8087
6162
20941
10052
6742
13418
25413
6820
14116
11901
25562
11193
11691
9942
23358
18301
27341
31590
496
3460
29856
11126
25953
29580
20407
14304
5974
18262
18852
21375
27789
692
19642
30692
3747
9700
8472
12874
25909
3100
16099
15564
6726
28262
5586
14294
15840
2222
28144
6106
19710
5401
17821
6980
8106
4505
20694
23727
611
959
32183
21849
32449
11984
8766
25556
5980
28698
14162
11007
31465
13704
17668
23861
29350
17013
25620
18372
4089
14014
30903
12961
23891
3099
2711
26714
5723
32175
24092
31307
11081
3549
13034
5397
5007
7774
19371
31052
13247
20112
8974
27760
23209
5137
29199
13855
6595
16781
27514
32136
31951
28628
20650
6947
25783
32048
17303
12960
2492
5877
31248
10525
26831
345
13892
19355
8255
4486
10375
14771
32661
3566
7763
26757
20157
26847
8845
20978
4198
2391
29450
9227
17322
5657
28498
1224
26866
30464
25764
15870
19988
148
23354
25995
26047
32219
18637
21971
11801
3186
19548
2673
27302
32475
22314
13606
13676
14617
26374
7957
11093
15226
13774
10803
14292
20405
566
1785
17355
3124
21958
29276
19373
8627
27682
4094
8416
9994
8078
13478
23141
22343
32433
13550
14522
30208
28569
3131
255
19944
1024
28658
4953
32159
25294
8937
16532
1743
27359
7452
8972
21364
29445
23458
32461
9595
19281
27871
27897
9359
25486
3322
22122
32304
15119
26257
409
19461
32171
19372
14270
13427
29189
31472
17721
31086
7441
17686
22833
27023
16083
9883
2171
26471
3178
10680
30653
31508
19278
9364
28883
8721
12758
10169
26481
20819
12541
12484
12554
23953
2917
30049
29681
15843
23964
23159
4543
23694
31647
27552
4340
27166
18332
26332
18913
26294
26108
12422
23237
21925
29345
17287
10038
20281
7020
29129
26306
25816
17411
2287
1751
2892
5841
12099
25568
32607
10062
3311
7601
22696
2432
5489
2853
16036
706
1353
4357
29705
14276
26612
24620
11350
31699
14878
24297
24495
9562
31764
16805
4328
2985
18552
5830
14816
4598
17208
18899
21008
25505
29888
25048
9059
17853
25967
32524
24904
8651
3400
23473
13830
11720
27627
21564
14929
21867
23747
15030
2842
18600
31616
31074
29099
21368
11464
18592
20978
25308
7977
31761
21277
23327
22611
11004
30312
9052
8836
14320
4147
2625
28227
31659
22360
26642
31825
5947
32443
8689
25565
12643
3363
29276
18679
9024
26440
6903
22343
22572
16429
25484
21759
25827
25519
2640
25102
6629
3934
2408
14231
5403
19853
21931
31649
5820
1701
31402
32016
7538
15551
14317
27604
3513
9585
896
24928
26760
5607
5551
19805
21812
30006
25101
6816
657
10478
8635
8282
9050
12270
21222
13199
2515
24445
20882
27850
9900
30358
28054
30222
28457
31618
8680
29967
28288
6061
20763
26018
1667
26034
11046
30835
9086
26040
8295
18934
26467
3073
1512
1440
4132
7616
20192
18774
7521
20523
32637
23846
31043
24018
15584
4917
10408
1583
7786
25592
18048
11134
9270
6823
20086
719
30438
9711
31444
2649
21667
24808
14752
14865
20319
26694
32011
8827
16477
20435
27405
28096
5364
19485
12361
30466
22672
9323
31286
27628
8185
246
23680
11405
14808
26966
9644
23910
18551
1851
26364
24513
10440
349
13202
9285
19113
694
23255
3016
24166
16878
8734
19044
31615
7447
16773
205
9388
7578
10268
32737
19743
30833
19274
27265
17161
24215
1388
10656
9055
12733
18366
26265
15070
28991
9087
32710
30797
29526
28240
11086
21506
16015
1502
15422
20647
6012
30400
15836
31038
5801
2723
22840
99
23249
420
14595
25809
11090
31485
24484
16168
7903
20708
9097
7406
6773
27568
17851
3283
15504
20542
22198
16441
2206
28051
23927
26099
26292
28098
29910
8781
19328
3600
21270
18509
7295
16983
28603
14393
9327
10152
15259
1881
11272
2612
7992
21758
2791
621
13133
28868
17611
28008
26535
13843
1795
17542
3126
16620
6695
6227
28772
24546
7175
12974
3237
26470
5601
9259
27216
19016
17111
16565
15789
7035
6815
20344
26191
23833
29821
29182
18852
16550
22126
1687
15306
15513
17574
2559
27300
6936
9533
15419
32558
26116
3110
3268
26893
21557
864
4583
2155
7175
9072
3948
10753
20245
4110
20598
2421
9028
11551
22698
19943
19716
8163
12435
13511
20178
28784
20805
24297
25089
24415
29505
29659
23739
17349
17561
3958
14659
1381
19029
11699
8828
1827
28948
2240
10671
5564
4343
7507
2441
11957
26810
18751
6755
13201
21540
14405
23495
23879
16802
4908
14127
1011
11055
9491
24591
3788
5750
27399
29974
8278
24635
16849
18097
21209
22263
9745
26322
6417
26818
14993
26095
5927
26742
2259
24909
2016
11794
12268
18046
533
5724
30101
28713
12899
9675
28032
9
23843
21155
10984
6712
15516
14946
12396
26030
3960
18011
4637
30212
27509
929
32214
638
10333
12838
7628
3657
30520
20260
2405
26113
31168
7868
14414
5751
28181
30942
11208
16560
17074
23912
16962
28465
9888
5010
26925
20601
27113
22665
8460
31440
16976
24922
1994
7487
18495
13330
23889
16864
16385
7203
13912
1368
817
15882
20860
26529
7795
3631
17043
6669
30562
12045
26685
28295
3785
31378
24507
19484
13077
15049
27397
19643
14090
21942
32022
26681
182
28802
24715
20632
1187
19928
11372
25481
337
27534
31562
21807
3811
9096
6282
30758
22297
21465
6144
18116
2430
21036
3008
4511
24547
11875
19504
30543
18187
2173
1634
2421
32680
32189
1185
17148
19334
28936
25930
13214
31495
12944
13278
1194
28367
19119
6228
15109
25024
27669
4276
23151
3881
20774
26849
19976
2362
2206
25782
14867
21436
30071
20565
6905
5887
1548
27324
21905
32531
26238
24218
7326
6970
12887
15712
20378
20894
26989
12442
14002
15168
11274
21888
16401
31793
585
30408
8801
27652
12995
6335
2191
8835
27755
2968
10959
15521
18359
30724
30945
28080
25345
6659
14738
12500
7724
7673
17285
11960
14730
21508
13107
11135
23549
11661
16945
4350
17501
14621
9138
26920
10778
4210
2636
23753
4387
27859
15103
2680
5382
21920
20851
18886
28504
7469
6529
11964
15703
8144
8693
24965
18638
31033
27794
7783
22585
9218
24407
29176
18986
14215
23297
1422
32747
14328
6865
4087
23397
11437
16783
15978
21568
28857
14287
10686
26700
29121
16243
11226
27424
20751
24689
10605
30977
6882
4823
9183
4357
2056
18956
10119
6775
32175
17752
27166
22910
16249
18854
11635
5882
1998
10377
14945
32687
31350
14462
2046
32421
9575
8817
25366
5838
987
10370
10712
32746
14246
18952
28622
2728
27847
26838
7699
4110
6973
21438
25536
28698
6940
23124
2727
25514
16095
19956
1092
9625
26624
5127
17136
14123
18886
11649
13144
17323
20063
22446
27182
26450
21038
10799
23070
23915
10598
22080
9732
22965
9176
27452
25436
4361
777
17506
24825
13628
5768
985
17915
26695
29310
16114
7419
27301
29831
16302
8072
2301
2752
32640
21975
3329
28962
16211
24246
13718
22798
24783
29634
31285
12072
25816
32218
7569
29545
13144
19923
21370
22384
4159
19821
32257
5913
25032
15494
17885
16209
11261
20110
4621
22313
25981
15419
8895
7977
2429
7550
21361
23270
2829
8117
18518
22742
3484
27682
2811
11364
1727
21148
23082
20032
11566
3204
12559
5881
22799
11259
18841
18381
14712
2898
7715
5568
815
20674
11860
27371
31924
23134
2883
21015
2945
9797
28383
16522
9872
2844
25231
12833
21022
21692
14613
19359
2223
6439
24504
30533
13650
22977
19106
12195
8998
17597
135
27821
1565
10965
2439
26385
256
32062
17750
9672
19635
26587
27802
2539
25787
23473
16788
19657
23805
7579
13315
9270
17608
11582
31813
294
15126
6208
29120
7290
6159
3509
8320
17945
20431
17882
25121
10819
29289
4614
32240
290
27948
10461
5197
23714
28965
711
22868
2179
8932
23201
25276
12461
30595
9906
3326
16835
25317
7648
15290
14330
15164
7459
31063
20524
30158
315
14827
20264
8440
18590
17754
21325
16243
4533
3265
25687
26838
18759
28437
13688
21340
7478
12551
19883
10984
1897
11307
2629
22854
1289
31066
12236
9140
19952
6741
32013
16801
8286
26282
29801
20660
29934
16348
20336
18960
11977
20670
20657
23767
7194
23584
26575
20972
23234
24237
23512
23806
30028
2068
28627
32450
19491
20326
13720
23679
7938
9919
741
12496
19117
4649
15533
14758
3807
9661
27827
18316
28803
12044
21848
21039
3110
3517
30641
13853
27821
32631
16349
32717
14915
25345
19350
26592
21910
13991
32517
25766
13123
21984
23515
29924
2958
14895
20125
2004
12887
17223
26175
9838
11082
19058
10741
16870
20053
1331
326
19318
4191
31530
25186
31069
17463
4921
15029
23848
26570
31717
17852
12080
20890
29439
17944
29540
21099
12419
21729
23368
7999
30912
15164
2366
6021
6585
2608
6405
15246
22476
25781
4479
26432
3473
12302
9143
9486
773
7769
23330
11560
16360
18277
8997
25838
23907
17347
17880
29355
6894
32288
18442
14720
14961
11986
18053
20894
26537
13744
14482
20664
11982
17959
15296
30393
18035
6538
19682
4786
12461
7082
4695
13334
30583
17831
7054
31785
2133
6917
14792
9142
29496
32002
22048
2304
4258
18471
26825
23036
21258
28702
30104
11965
18306
3523
12738
10288
2455
4989
14054
26377
11897
7119
26446
28413
27484
1578
26482
18994
31517
22022
20669
244
1833
2097
404
14761
6043
21094
11925
5383
20132
289
6428
6788
29488
26546
3852
18702
3782
5776
6092
8189
8880
19441
29327
13382
14429
21143
18905
9713
20739
17133
16447
2509
30856
23122
14958
7010
32675
23733
2670
19239
8511
13410
24616
31989
5920
17435
8998
2748
25032
8043
6555
24437
18332
7479
163
15959
20291
30870
31179
2638
14671
29667
29140
8617
15647
12816
25780
8722
3331
14908
8926
10436
26018
22920
31683
25336
11417
22311
29081
672
25189
11957
23131
27480
27523
17610
4625
11162
29909
18894
8785
5681
30536
16143
774
4080
7860
21008
22640
26019
6148
549
21100
15942
2710
17468
4342
32117
16613
6398
12780
10788
17509
18711
27668
11664
28846
15313
23393
32373
16861
7144
25202
3202
25143
16026
17756
10
15120
253
25001
8700
3308
3989
10145
21
21219
19494
14536
8532
30026
17863
20391
24239
3983
30520
21711
13316
19813
16245
17692
7506
8993
18571
19767
21545
25956
20651
15966
351
1019
2429
16488
14085
27651
438
25859
18073
21841
19693
65
18301
32529
23979
27219
25000
8108
17857
3732
12444
3056
20702
27593
21144
22891
11616
27046
30734
23
5995
10133
1879
16189
14904
10420
10406
18835
15280
284
20027
31911
9786
26729
3289
10113
9425
21879
22649
9348
17753
1897
31040
19094
13619
8176
19631
31105
11279
13002
10010
17816
30977
28296
26971
1693
26072
17045
7879
19938
25771
9844
14177
1967
15284
26185
12878
19428
9057
6299
19593
8671
2729
8536
2008
15264
30109
26137
7679
27691
10815
6056
13363
23854
8086
13504
25297
18404
25346
10771
25936
13625
26574
13201
1653
2351
29956
25320
7365
23936
9605
28487
11072
28549
11864
12904
31308
9558
24387
30413
15600
28211
4504
31562
5698
547
31058
20419
4899
17626
3168
28471
27689
20448
29761
15101
9181
26608
15825
15182
21799
24991
15203
18692
17926
14654
19727
1185
4740
25088
846
16019
1002
4192
20420
13495
26672
957
14428
18715
32183
4935
16538
5640
18235
543
32045
832
23555
24250
1476
16516
2138
29063
14627
18777
21059
32465
1910
22028
13929
24550
14053
24052
12629
14201
22120
3831
26851
17733
21213
24143
2551
7411
25176
5774
11884
17470
14778
1760
24397
31829
16517
14225
1864
14976
14062
18383
26975
5127
564
22704
28641
8528
4913
10615
26521
7239
6959
18707
31557
15874
764
232
842
8102
22593
23762
32165
8836
9487
29799
16933
9096
26043
22909
18135
32212
4332
20461
2242
8360
26098
12950
27861
15493
30041
10660
11550
19346
6078
5650
9789
31038
18146
22125
6423
11559
3325
18651
13519
15675
32341
11869
31986
2844
28942
21329
24561
4297
26436
8507
4565
8316
24407
32196
32558
23502
32390
6915
27724
9761
18880
7420
5298
5695
24758
14438
24264
11071
28469
11954
30672
18601
18611
19272
27675
15834
25128
17940
3965
23721
7711
12097
18942
25418
7948
18500
7378
15731
5088
28189
29580
24766
13019
30937
5518
18511
22177
13404
19396
21430
29073
22109
3730
3350
19282
5554
20490
6791
15534
18126
13923
24250
23972
8584
23206
3292
22968
5150
24491
13244
24206
18297
30020
1071
22711
14514
7096
22196
29387
3030
15219
13396
2744
31718
25851
26316
4441
3106
19750
21486
2123
24199
22923
10309
4604
21399
20790
5368
18436
22360
1440
9456
19385
32671
2014
27965
17661
24462
15896
7350
17243
13404
27965
12000
13651
20308
2805
17938
27121
24865
27607
28886
20645
2632
8669
24209
27470
21750
7956
18279
9880
31740
28824
2905
3208
8984
9664
19632
1365
25718
14230
2463
6778
22390
1162
31012
28681
29872
13415
12079
26690
31542
6277
19462
9572
15128
23617
15080
24003
26926
6570
17392
13851
24593
9853
30013
5668
29291
11604
10064
11110
12913
26394
8373
3663
21165
2242
7398
15747
1025
14648
14956
25459
29929
9112
5191
6705
22016
31135
2704
8579
1990
31327
32349
15158
21920
20790
1253
8628
25120
24832
21989
19673
10375
20364
31042
30979
14216
25933
30703
9320
2383
5458
5137
30381
7362
16760
19553
18100
13319
3807
11986
12981
23622
24218
15989
32400
8880
16043
28825
11361
6848
26414
1334
853
6592
6100
16012
30909
19344
27027
15367
12129
1187
26780
31846
279
30026
2702
19228
18068
8757
21737
7414
20865
17974
18373
8191
19666
329
24772
673
30547
30930
19013
13836
27779
19749
2778
12252
28582
2123
18685
28405
27926
27140
30462
18354
9690
13576
31552
15168
14713
24978
10405
24132
528
22815
6983
4804
30371
8051
19817
6468
1969
3294
30893
15663
10763
32189
6023
8313
998
6979
6897
27267
28718
8570
10336
24127
19485
18052
29687
7060
17165
10023
2811
4100
3210
23689
8840
23180
20652
7991
16002
9931
9891
7020
17613
17255
24980
23185
20673
30637
8100
26112
23256
23671
20306
1805
2218
15443
7945
18503
14620
16097
2805
7163
8404
25469
32023
19450
2800
3870
13204
5788
4599
12670
24915
7429
25871
17788
15558
1703
28017
12478
28936
32264
26651
18074
9513
27334
18372
29239
3526
3288
29461
19439
15580
23830
13078
7672
9181
22268
26087
7236
31748
4011
18864
21413
2278
15920
29658
5173
26955
6409
18560
23285
27195
11493
1568
32436
4188
4268
14743
9267
19323
6847
11852
15750
2152
31617
11947
6333
5383
24854
10453
16836
2724
2155
2965
15240
12935
24438
28567
21595
6344
7359
24788
6554
16741
28703
23633
11917
13202
12487
22025
2702
20304
11397
23335
25198
8513
31811
9337
16660
10427
465
11554
4967
17435
29412
8591
11119
14172
5470
15020
32438
232
4303
22871
9205
28845
31036
30229
21484
13684
30496
14595
29074
21614
12465
19984
23918
16144
22628
18794
6213
31521
1203
12342
30965
4370
13598
31108
31137
13453
10352
7042
24590
23376
26691
30959
17741
13884
11718
17107
16539
16553
958
8814
14725
23037
18891
16238
9552
7549
31981
30309
13207
27747
26950
21369
11830
24112
10530
9566
4199
2883
5428
15489
6443
26027
2594
10886
23788
5178
10053
5621
6752
986
27306
30256
22192
8996
20060
19369
1242
31791
19173
10321
15444
8358
25362
7252
17138
7198
7415
23299
28169
24742
3123
11281
7893
24991
20853
32003
24088
20686
13119
9954
23300
12719
13290
15411
20827
14092
18667
29481
6869
7887
5972
24
28610
21
22942
29741
6896
16259
21157
29789
9423
7645
29172
23707
14803
5332
3395
9038
20506
30240
21310
4354
20559
207
23432
8285
17870
24797
30720
6741
23048
19716
11075
17057
7977
14037
26738
10349
28153
16648
53
28498
23296
28689
24319
9349
1774
18676
148
29775
20026
21081
15561
21437
7176
11235
20875
29336
25680
12222
20003
2455
2365
21111
17336
22740
12243
13585
24342
27261
18389
7509
20398
28108
19174
18537
8157
15929
30446
19364
25201
27374
